-73.166889,41.166512
-73.167924,41.173409
-73.168306,41.186369
-73.17125299999999,41.226147
-73.17288600000001,41.247368
-73.17701,41.264785
-73.171633,41.284948
-73.17098,41.30428
-73.172065,41.323876
-73.17414700000001,41.342103
-73.17451,41.358868
-73.176492,41.377783
-73.174161,41.397347
-73.173976,41.415051
-73.1752,41.436996
-73.175268,41.456641
-73.175344,41.47746
-73.175046,41.496068
-73.17561499999999,41.518736
-73.17677500000001,41.539867
-73.174226,41.563677
-73.17441,41.582689
-73.17442699999999,41.603598
-73.17629700000001,41.622604
-73.173534,41.641897
-73.169029,41.6621
-73.172414,41.679337
-73.173208,41.699707
-73.173571,41.719449
-73.172592,41.737882
-73.172134,41.7564
-73.17008,41.770067
-73.170204,41.789104
-73.171195,41.80792
-73.170339,41.827784
-73.169495,41.866499
-73.169957,41.88702
-73.169271,41.907791
-73.169341,41.927006
-73.169349,41.945075
-73.170058,41.967558
-73.16976,41.989511
-73.17192,42.008651
-73.171491,42.0278
-73.145641,41.180045
-73.14614899999999,41.199981
-73.145138,41.178921
-73.144126,41.157431
-73.14699400000001,41.222651
-73.14733099999999,41.245413
-73.148201,41.266261
-73.14849599999999,41.28663
-73.14838500000001,41.30567
-73.148622,41.325825
-73.14783,41.345168
-73.14671,41.36687
-73.14631799999999,41.377249
-73.14797900000001,41.397613
-73.147756,41.416954
-73.148161,41.436592
-73.14879000000001,41.520597
-73.150909,41.540315
-73.151062,41.559669
-73.150245,41.579662
-73.149973,41.59969
-73.15147500000001,41.618448
-73.151597,41.638103
-73.150918,41.657047
-73.151692,41.677867
-73.150808,41.697047
-73.148613,41.71838
-73.150705,41.73408
-73.14985,41.752451
-73.150482,41.772229
-73.15071500000001,41.793306
-73.148895,41.812672
-73.14872,41.833903
-73.149822,41.855245
-73.14877199999999,41.875334
-73.148796,41.895762
-73.14917800000001,41.914671
-73.149748,41.932463
-73.148087,41.951892
-73.14895199999999,41.971013
-73.148432,41.989023
-73.147232,42.008793
-73.147705,42.029544
-73.120482,41.159435
-73.120586,41.177746
-73.120935,41.219041
-73.120829,41.24044
-73.12145200000001,41.260122
-73.121287,41.280964
-73.122004,41.302692
-73.12194,41.322964
-73.123762,41.343567
-73.12271300000001,41.363909
-73.12417499999999,41.384311
-73.12437300000001,41.403027
-73.12367500000001,41.422287
-73.124421,41.44269
-73.126746,41.516974
-73.128294,41.536917
-73.12709,41.557282
-73.12859400000001,41.577522
-73.128198,41.597721
-73.126909,41.621696
-73.126508,41.641208
-73.126019,41.662385
-73.126018,41.682024
-73.126417,41.701362
-73.127729,41.720354
-73.131906,41.740408
-73.125963,41.751276
-73.12466000000001,41.773449
-73.125128,41.79493
-73.124163,41.81633
-73.122337,41.837733
-73.12319700000001,41.857497
-73.121988,41.876625
-73.12226800000001,41.895362
-73.12284,41.914869
-73.122152,41.935067
-73.121805,41.954449
-73.12289800000001,41.974598
-73.123345,41.992219
-73.12317,42.011771
-73.12288100000001,42.031238
-73.101625,41.154518
-73.100638,41.175493
-73.101148,41.19542
-73.101451,41.218423
-73.101086,41.237704
-73.100875,41.255765
-73.10004000000001,41.276984
-73.101494,41.300344
-73.103156,41.318121
-73.103792,41.336583
-73.104212,41.357672
-73.10457,41.378486
-73.10614099999999,41.397545
-73.103622,41.417815
-73.10147000000001,41.43859
-73.100655,41.457518
-73.101544,41.497532
-73.103314,41.519427
-73.102757,41.539136
-73.10344000000001,41.562874
-73.103542,41.583212
-73.10122200000001,41.601497
-73.104075,41.623122
-73.102869,41.643299
-73.105918,41.661764
-73.10535,41.68257
-73.10614200000001,41.70165
-73.10596099999999,41.720818
-73.1027,41.742053
-73.102487,41.749264
-73.103261,41.771381
-73.104179,41.792647
-73.102054,41.812806
-73.10239,41.832444
-73.101078,41.854659
-73.102654,41.872336
-73.102847,41.889879
-73.101634,41.909435
-73.10220200000001,41.929371
-73.101674,41.94841
-73.10068800000001,41.967751
-73.100793,41.987088
-73.100206,42.005913
-73.102214,42.026188
-73.190298,41.174306
-73.190664,41.214895
-73.191081,41.235249
-73.191841,41.25523
-73.19277200000001,41.275081
-73.193569,41.292017
-73.194715,41.309981
-73.195532,41.329661
-73.19765200000001,41.348307
-73.196411,41.366623
-73.19626100000001,41.386221
-73.196912,41.406416
-73.196249,41.426016
-73.19665000000001,41.442825
-73.197177,41.461348
-73.196169,41.481851
-73.194239,41.505036
-73.194914,41.522064
-73.196877,41.540503
-73.19836100000001,41.557958
-73.199432,41.576203
-73.19924500000001,41.594689
-73.19922,41.613766
-73.199186,41.631582
-73.198097,41.649752
-73.197357,41.666779
-73.19587,41.683336
-73.19714999999999,41.698895
-73.195903,41.714975
-73.195097,41.735988
-73.194069,41.754305
-73.194857,41.770174
-73.196552,41.789295
-73.197749,41.805162
-73.19684599999999,41.822054
-73.19676200000001,41.839401
-73.197908,41.857455
-73.196935,41.874297
-73.19589499999999,41.890268
-73.19449299999999,41.908797
-73.196355,41.92354
-73.19508999999999,41.939896
-73.192902,41.955798
-73.19418,41.974602
-73.195429,41.989061
-73.19836700000001,42.003742
-73.19825,42.019978
-73.199825,42.037009
-73.076956,41.247213
-73.076917,41.269246
-73.079606,41.288414
-73.07728299999999,41.332187
-73.078142,41.353984
-73.076059,41.376131
-73.076274,41.396097
-73.0758,41.41804
-73.077212,41.437253
-73.07839900000001,41.457254
-73.076082,41.496925
-73.08094,41.518335
-73.08133100000001,41.538855
-73.08010299999999,41.55641
-73.08095400000001,41.577186
-73.08191600000001,41.597274
-73.082476,41.618733
-73.08182600000001,41.639307
-73.08215199999999,41.658474
-73.081194,41.67793
-73.079832,41.696901
-73.07956299999999,41.716845
-73.079717,41.735753
-73.080153,41.75596
-73.07832999999999,41.771919
-73.077732,41.7917
-73.078092,41.811453
-73.07734000000001,41.831271
-73.076927,41.851597
-73.078728,41.872681
-73.076382,41.891242
-73.079151,41.913192
-73.079953,41.932069
-73.07837600000001,41.952735
-73.076289,41.969269
-73.077865,41.99106
-73.076984,42.010063
-73.077243,42.028981
-73.058185,41.192777
-73.058814,41.216082
-73.05677799999999,41.236954
-73.055714,41.256168
-73.05193,41.275506
-73.05312000000001,41.295943
-73.054306,41.315451
-73.05481,41.335322
-73.055583,41.354108
-73.056012,41.372534
-73.055767,41.393284
-73.05685,41.40648
-73.05554600000001,41.425305
-73.054834,41.502876
-73.060896,41.445254
-73.055639,41.525839
-73.05649800000001,41.466136
-73.05630100000001,41.545182
-73.059127,41.48595
-73.057794,41.565808
-73.057891,41.586344
-73.059699,41.606112
-73.058274,41.626794
-73.060907,41.646083
-73.059855,41.665334
-73.06070800000001,41.684104
-73.058133,41.704074
-73.056808,41.719658
-73.055696,41.739957
-73.054771,41.759637
-73.055177,41.77836
-73.05470200000001,41.799134
-73.054733,41.819048
-73.053747,41.839633
-73.054416,41.859927
-73.05514700000001,41.87984
-73.053449,41.898425
-73.055525,41.919382
-73.056197,41.939961
-73.05508500000001,41.961117
-73.056214,41.983839
-73.05268100000001,42.006151
-73.053724,42.024995
-73.033115,41.210733
-73.034834,41.232871
-73.03428700000001,41.253614
-73.032521,41.274448
-73.030807,41.293794
-73.03136499999999,41.315716
-73.031927,41.33825
-73.0305,41.357333
-73.033101,41.376857
-73.032561,41.398014
-73.03227,41.41855
-73.03147,41.438516
-73.031609,41.459029
-73.031294,41.478709
-73.033805,41.498841
-73.034789,41.516015
-73.03524400000001,41.536836
-73.03606499999999,41.557883
-73.034992,41.576019
-73.034594,41.594254
-73.033856,41.614076
-73.036745,41.635652
-73.036446,41.654235
-73.037425,41.674481
-73.037944,41.692574
-73.037284,41.711529
-73.038163,41.72885
-73.035549,41.746137
-73.033784,41.761536
-73.03209699999999,41.781779
-73.03245800000001,41.798973
-73.03076400000001,41.817929
-73.031728,41.841768
-73.03170900000001,41.863636
-73.03191,41.883402
-73.030391,41.903601
-73.030072,41.922769
-73.03038700000001,41.942449
-73.029794,41.964532
-73.029937,41.984212
-73.031235,42.005261
-73.030807,42.025672
-73.00984699999999,41.209437
-73.00557000000001,41.230552
-73.00597500000001,41.251438
-73.00662300000001,41.268371
-73.007744,41.290036
-73.00808499999999,41.310727
-73.006748,41.332886
-73.008115,41.350988
-73.009941,41.370504
-73.012781,41.383967
-73.011561,41.402855
-73.010926,41.422182
-73.01295,41.441795
-73.01375,41.463167
-73.012839,41.483729
-73.012011,41.504614
-73.011528,41.526528
-73.01263299999999,41.545651
-73.011168,41.564651
-73.011133,41.584376
-73.01097799999999,41.602472
-73.011124,41.624684
-73.01177300000001,41.643893
-73.01191900000001,41.665848
-73.013367,41.684283
-73.013217,41.703708
-73.011932,41.725494
-73.01318600000001,41.746477
-73.008448,41.88187
-73.0093,41.862581
-73.008003,41.843253
-73.005413,41.819976
-73.00922900000001,41.801419
-73.00948699999999,41.778829
-73.008304,41.758719
-73.009573,41.901501
-73.010717,41.925564
-73.009057,41.946852
-73.00790499999999,41.964186
-73.005884,41.987217
-73.00707300000001,42.011354
-73.008432,42.035019
-72.985129,41.235291
-72.986392,41.255957
-72.983802,41.275521
-72.981724,41.296151
-72.98513800000001,41.316172
-72.984583,41.335219
-72.98620200000001,41.359856
-72.98695100000001,41.378601
-72.985665,41.399443
-72.985056,41.419258
-72.98427100000001,41.437494
-72.983828,41.456199
-72.98566,41.476266
-72.986074,41.49485
-72.98608400000001,41.513289
-72.98500799999999,41.531302
-72.98661900000001,41.550509
-72.98742900000001,41.569075
-72.98652800000001,41.588202
-72.985063,41.609388
-72.984554,41.62667
-72.987312,41.646304
-72.988141,41.685366
-72.986666,41.704365
-72.98667399999999,41.722289
-72.988343,41.740295
-72.987759,41.752603
-72.98795200000001,41.774128
-72.985156,41.792615
-72.987915,41.810704
-72.98822300000001,41.832057
-72.984621,41.850631
-72.985337,41.873912
-72.98540300000001,41.892178
-72.98456299999999,41.913662
-72.984809,41.933985
-72.98371899999999,41.955719
-72.982613,41.974924
-72.98213199999999,41.996069
-72.98354000000001,42.015212
-72.983777,42.034399
-72.965639,41.24868
-72.965144,41.270647
-72.9654,41.290801
-72.963314,41.309864
-72.960471,41.329691
-72.962062,41.352368
-72.958782,41.374387
-72.964479,41.39496
-72.963211,41.41364
-72.96446899999999,41.434739
-72.96364800000001,41.454513
-72.964032,41.474953
-72.964606,41.495297
-72.965621,41.514926
-72.966515,41.53565
-72.96588,41.554567
-72.963849,41.573486
-72.965751,41.592064
-72.9662,41.612503
-72.963981,41.632709
-72.965119,41.650431
-72.964994,41.669966
-72.96575300000001,41.688212
-72.96562,41.705555
-72.96581000000001,41.724184
-72.96305200000001,41.736672
-72.961657,41.757304
-72.96064,41.777221
-72.960903,41.799375
-72.96269,41.819858
-72.964175,41.842443
-72.96114799999999,41.863716
-72.961569,41.887084
-72.95986499999999,41.910112
-72.959243,41.93078
-72.961665,41.951443
-72.96265699999999,41.973394
-72.96232000000001,41.993418
-72.962446,42.014256
-72.962287,42.035737
-72.93772,41.250018
-72.939087,41.270856
-72.94141999999999,41.29105
-72.94085200000001,41.330161
-72.938639,41.35182
-72.939277,41.37549
-72.93949600000001,41.391957
-72.93955099999999,41.410996
-72.938864,41.429437
-72.939549,41.449376
-72.940581,41.47103
-72.941552,41.490668
-72.94287,41.512064
-72.939449,41.532481
-72.93739600000001,41.552767
-72.940246,41.570558
-72.941563,41.591396
-72.94177999999999,41.60679
-72.94137499999999,41.624243
-72.94246200000001,41.664261
-72.941915,41.683317
-72.94228200000001,41.705178
-72.94197800000001,41.724868
-72.942752,41.741297
-72.94251300000001,41.762706
-72.942363,41.773207
-72.94278900000001,41.794524
-72.944181,41.814844
-72.94261899999999,41.83879
-72.943405,41.858749
-72.941766,41.87767
-72.94098200000001,41.899306
-72.940856,41.91858
-72.941152,41.936502
-72.941881,41.957411
-72.93914599999999,41.97579
-72.93925900000001,41.993713
-72.93992299999999,42.013399
-72.939379,42.034536
-72.910628,41.234905
-72.913538,41.247575
-72.914193,41.269302
-72.917478,41.291465
-72.91942899999999,41.312713
-72.91613700000001,41.33516
-72.917453,41.355456
-72.91725099999999,41.375134
-72.919901,41.39681
-72.920085,41.418966
-72.91753900000001,41.437742
-72.91784800000001,41.459659
-72.91638,41.479816
-72.917323,41.501446
-72.92016,41.519881
-72.922625,41.541223
-72.920846,41.564
-72.91995300000001,41.586109
-72.920202,41.608502
-72.91792599999999,41.629269
-72.918547,41.648136
-72.920057,41.667001
-72.924879,41.687671
-72.921758,41.709354
-72.92251400000001,41.73046
-72.91688600000001,41.743332
-72.914328,41.762917
-72.918961,41.782587
-72.91475300000001,41.804795
-72.916686,41.813702
-72.916076,41.824327
-72.920079,41.844665
-72.920076,41.867914
-72.917958,41.886593
-72.91832700000001,41.905745
-72.91882699999999,41.926373
-72.918617,41.943667
-72.918092,41.962439
-72.917626,41.979685
-72.917419,41.998409
-72.917727,42.018417
-72.914895,42.035429
-72.896129,41.242155
-72.89565,41.282371
-72.89569899999999,41.304336
-72.89499000000001,41.326303
-72.891679,41.344318
-72.89330800000001,41.366329
-72.8931,41.386865
-72.89270500000001,41.408735
-72.893948,41.426982
-72.89202899999999,41.446663
-72.894038,41.467387
-72.894527,41.487827
-72.896857,41.509407
-72.896078,41.529658
-72.89523300000001,41.548479
-72.89572200000001,41.568633
-72.895449,41.588454
-72.89403900000001,41.610754
-72.895101,41.631526
-72.897369,41.651629
-72.89563200000001,41.669832
-72.896187,41.690795
-72.89622900000001,41.709423
-72.897485,41.730481
-72.894588,41.739646
-72.892678,41.76055
-72.89435400000001,41.781156
-72.89258100000001,41.805526
-72.893013,41.823692
-72.89730299999999,41.844295
-72.89623899999999,41.864416
-72.896283,41.8839
-72.895217,41.90407
-72.893565,41.925558
-72.89576099999999,41.942305
-72.89404,41.962377
-72.893562,41.982594
-72.891965,42.000517
-72.894167,42.019315
-72.892371,42.036261
-72.871785,41.248573
-72.872058,41.287946
-72.872692,41.308007
-72.872333,41.32862
-72.87035899999999,41.373899
-72.871723,41.392959
-72.872359,41.41337
-72.871206,41.436535
-72.874343,41.477805
-72.874979,41.496816
-72.870957,41.516681
-72.873259,41.537824
-72.875422,41.558183
-72.875089,41.580577
-72.871134,41.35325
-72.876727,41.600236
-72.872062,41.636211
-72.871235,41.657274
-72.870195,41.678343
-72.872586,41.699952
-72.871033,41.719908
-72.86934100000001,41.740381
-72.868617,41.760698
-72.870802,41.781582
-72.870773,41.803401
-72.87067399999999,41.824339
-72.87085,41.844654
-72.86950400000001,41.866008
-72.86960500000001,41.883421
-72.869643,41.903789
-72.866761,41.921153
-72.869576,41.942242
-72.867114,41.96256
-72.870617,41.979658
-72.86877200000001,41.995726
-72.867623,42.013554
-72.865644,42.033715
-72.84452400000001,41.249579
-72.846656,41.268222
-72.84513200000001,41.287954
-72.845023,41.307485
-72.84519,41.327533
-72.84597100000001,41.346133
-72.846615,41.363958
-72.847886,41.384974
-72.846288,41.40782
-72.84869500000001,41.424823
-72.84926900000001,41.444133
-72.849439,41.466055
-72.848997,41.483742
-72.84929800000001,41.50395
-72.849193,41.5236
-72.85017000000001,41.543808
-72.848308,41.56351
-72.85036599999999,41.582752
-72.84965099999999,41.601641
-72.85096900000001,41.622457
-72.85012,41.642819
-72.847038,41.664045
-72.846322,41.68339
-72.846081,41.703141
-72.847601,41.722688
-72.84811000000001,41.745383
-72.84895400000001,41.765895
-72.847289,41.786053
-72.84759,41.805194
-72.84768699999999,41.824741
-72.84697199999999,41.845558
-72.846048,41.863735
-72.845737,41.883181
-72.845562,41.902728
-72.840361,41.925071
-72.846029,41.94243
-72.847415,41.959437
-72.847105,41.979237
-72.84733300000001,41.995433
-72.84742900000001,42.013862
-72.847531,42.036505
-72.825772,41.254368
-72.82734499999999,41.26456
-72.8254,41.285357
-72.82467699999999,41.306
-72.826193,41.324643
-72.82927700000001,41.346205
-72.826993,41.368641
-72.825997,41.389028
-72.825,41.40926
-72.825363,41.429031
-72.826274,41.451619
-72.825479,41.470929
-72.82748100000001,41.493465
-72.827236,41.516053
-72.82842100000001,41.538435
-72.82640000000001,41.558514
-72.825469,41.578798
-72.827608,41.599284
-72.82769999999999,41.619105
-72.826565,41.640464
-72.824196,41.658853
-72.825378,41.67683
-72.827044,41.69916
-72.827956,41.719134
-72.82722699999999,41.737931
-72.828006,41.760671
-72.82686699999999,41.780237
-72.827439,41.800672
-72.82848900000001,41.820338
-72.82789800000001,41.840825
-72.82340000000001,41.860393
-72.82472199999999,41.878215
-72.825018,41.897216
-72.82517900000001,41.917804
-72.82671000000001,41.936496
-72.826183,41.954883
-72.82346200000001,41.975216
-72.822523,41.995344
-72.82481199999999,42.015265
-72.821811,42.033601
-72.800819,41.256288
-72.80321000000001,41.275751
-72.803364,41.297571
-72.803191,41.334963
-72.804159,41.355246
-72.806826,41.373786
-72.806028,41.393763
-72.805161,41.414712
-72.803611,41.432999
-72.801653,41.453129
-72.804152,41.674088
-72.805672,41.693908
-72.80459399999999,41.711937
-72.799824,41.730685
-72.801412,41.749788
-72.801975,41.770275
-72.798022,41.790968
-72.79782899999999,41.806897
-72.797021,41.826103
-72.799227,41.844591
-72.801638,41.862772
-72.799871,41.880749
-72.799543,41.900416
-72.80175300000001,41.919621
-72.79971000000001,41.938673
-72.802331,41.956649
-72.800563,41.977033
-72.80147,41.995162
-72.78086999999999,41.256965
-72.780132,41.275712
-72.78089,41.297327
-72.783717,41.379383
-72.781755,41.400486
-72.777886,41.420821
-72.77898399999999,41.440285
-72.782465,41.460004
-72.780023,41.479775
-72.779555,41.499905
-72.776702,41.520598
-72.778279,41.541342
-72.77828700000001,41.560959
-72.77899600000001,41.622012
-72.779211,41.643267
-72.77983500000001,41.664676
-72.77964,41.684856
-72.778966,41.70688
-72.780925,41.800914
-72.78196199999999,41.821195
-72.78169699999999,41.839582
-72.77875899999999,41.855767
-72.777672,41.876356
-72.77795399999999,41.895767
-72.778032,41.916201
-72.778246,41.937199
-72.776951,41.956661
-72.776549,41.978581
-72.775595,41.996608
-72.756035,41.248285
-72.75686500000001,41.257152
-72.75646999999999,41.280062
-72.75715099999999,41.298656
-72.755799,41.362579
-72.758385,41.383426
-72.758183,41.402634
-72.756688,41.419895
-72.756486,41.43982
-72.756624,41.459437
-72.755264,41.48013
-72.755402,41.499645
-72.756085,41.518238
-72.757859,41.537035
-72.756702,41.555781
-72.759638,41.577242
-72.75888999999999,41.597217
-72.757938,41.618217
-72.756575,41.639012
-72.755689,41.658168
-72.75541699999999,41.679577
-72.760274,41.717683
-72.76150800000001,41.738067
-72.76123800000001,41.759271
-72.75740999999999,41.780475
-72.75727500000001,41.80091
-72.75631900000001,41.821858
-72.75563699999999,41.844035
-72.75358300000001,41.865084
-72.753652,41.884137
-72.753996,41.904571
-72.755849,41.923931
-72.756126,41.945492
-72.756196,41.966439
-72.758051,41.985797
-72.75723000000001,42.007819
-72.730248,41.252978
-72.73143,41.294453
-72.730362,41.317217
-72.728894,41.34003
-72.731876,41.360943
-72.732136,41.380305
-72.73326,41.400016
-72.733655,41.417276
-72.733582,41.439389
-72.72958800000001,41.457999
-72.72998,41.477861
-72.731438,41.497823
-72.734229,41.516284
-72.733958,41.534544
-72.73375299999999,41.553304
-72.73181700000001,41.572665
-72.730879,41.590975
-72.732006,41.611437
-72.73186699999999,41.631347
-72.73092800000001,41.650958
-72.72992000000001,41.672069
-72.73124900000001,41.693181
-72.73398,41.715843
-72.734503,41.761167
-72.73362899999999,41.783629
-72.731082,41.805939
-72.733283,41.8269
-72.73488399999999,41.847861
-72.732739,41.862168
-72.7328,41.882678
-72.73252700000001,41.903088
-72.731651,41.923197
-72.73124300000001,41.943257
-72.733114,41.962766
-72.733846,41.982325
-72.731696,41.999032
-72.734307,42.020442
-72.711546,41.248351
-72.70905500000001,41.27094
-72.706773,41.289005
-72.70889099999999,41.311348
-72.70934800000001,41.330442
-72.709863,41.350817
-72.710201,41.373181
-72.70919000000001,41.395191
-72.70929700000001,41.411809
-72.705349,41.433199
-72.70733,41.456271
-72.70808,41.478104
-72.707949,41.499009
-72.70781700000001,41.520312
-72.708862,41.542322
-72.709496,41.563227
-72.710426,41.582409
-72.707764,41.60315
-72.711046,41.627679
-72.709322,41.65237
-72.709191,41.673761
-72.709592,41.695094
-72.704694,41.719362
-72.708849,41.740109
-72.708488,41.763054
-72.70957799999999,41.785738
-72.708341,41.808908
-72.708215,41.833297
-72.708974,41.856818
-72.706582,41.878023
-72.709003,41.898402
-72.71042799999999,41.920187
-72.709474,41.941557
-72.708298,41.962638
-72.70806,41.987274
-72.708157,42.008396
-72.71180200000001,42.03109
-72.68490300000001,41.25332
-72.687037,41.273925
-72.689013,41.293215
-72.68811100000001,41.316262
-72.688326,41.336612
-72.68953999999999,41.356565
-72.690286,41.375588
-72.686093,41.399518
-72.68542600000001,41.420044
-72.68487399999999,41.441433
-72.686635,41.46221
-72.68495299999999,41.479501
-72.684527,41.50011
-72.684461,41.521125
-72.68380999999999,41.540685
-72.683566,41.559398
-72.683994,41.581496
-72.68501000000001,41.601948
-72.68462700000001,41.624451
-72.68428900000001,41.645962
-72.68557800000001,41.66586
-72.68474500000001,41.686536
-72.68481199999999,41.70931
-72.683752,41.730154
-72.68680500000001,41.749918
-72.687303,41.794992
-72.687916,41.816107
-72.68812200000001,41.837663
-72.68597200000001,41.86101
-72.686131,41.883106
-72.684251,41.906622
-72.685041,41.931121
-72.684659,41.950408
-72.686269,41.972843
-72.687972,41.99362
-72.686955,42.013177
-72.663583,41.255397
-72.662331,41.2792
-72.66192100000001,41.300071
-72.662025,41.319311
-72.663883,41.342183
-72.66359799999999,41.360686
-72.663442,41.379778
-72.66471900000001,41.399362
-72.66117300000001,41.419089
-72.662454,41.435974
-72.663213,41.453446
-72.661789,41.47772
-72.661911,41.500784
-72.663062,41.521154
-72.66308600000001,41.541522
-72.663416,41.562892
-72.664875,41.584293
-72.664591,41.60497
-72.66249500000001,41.62586
-72.66189300000001,41.643959
-72.66120100000001,41.685348
-72.66094,41.706714
-72.662299,41.727907
-72.660533,41.750182
-72.65951800000001,41.772804
-72.66099300000001,41.794734
-72.66327800000001,41.818095
-72.662824,41.853761
-72.662865,41.866199
-72.66132500000001,41.889903
-72.66303600000001,41.912006
-72.66075100000001,41.928169
-72.663274,41.950359
-72.663943,41.971031
-72.663453,41.990098
-72.663017,42.012155
-72.66159399999999,42.032522
-72.63737500000001,41.270761
-72.63934399999999,41.290862
-72.639398,41.333926
-72.63715000000001,41.352973
-72.63893899999999,41.373791
-72.638644,41.393773
-72.637567,41.413655
-72.63864,41.434129
-72.640236,41.454947
-72.642095,41.47498
-72.641606,41.494666
-72.639613,41.514597
-72.63748099999999,41.534733
-72.640321,41.555749
-72.637929,41.578094
-72.64102800000001,41.601337
-72.639425,41.621091
-72.639922,41.636605
-72.640036,41.662262
-72.63774100000001,41.68665
-72.638763,41.732287
-72.639461,41.753574
-72.63690699999999,41.774583
-72.63838699999999,41.798227
-72.639398,41.821203
-72.641775,41.843748
-72.639578,41.866179
-72.639965,41.885815
-72.64122999999999,41.908563
-72.640231,41.927224
-72.638049,41.947958
-72.64057800000001,41.970549
-72.64075200000001,41.991976
-72.639876,42.012145
-72.638958,42.031214
-72.61777100000001,41.275132
-72.617683,41.295189
-72.615849,41.317267
-72.615667,41.336827
-72.616618,41.355501
-72.612763,41.375845
-72.616,41.39891
-72.618501,41.41936
-72.615236,41.438262
-72.617361,41.461139
-72.61949199999999,41.481401
-72.61747200000001,41.498111
-72.620537,41.518141
-72.619624,41.539614
-72.61765699999999,41.559684
-72.616494,41.58125
-72.619688,41.600626
-72.617341,41.62289
-72.61573799999999,41.646275
-72.61836700000001,41.669105
-72.620006,41.690066
-72.62208099999999,41.711401
-72.619989,41.729651
-72.617486,41.795419
-72.61856400000001,41.817733
-72.618329,41.840885
-72.61878400000001,41.862917
-72.618548,41.887096
-72.61675099999999,41.9102
-72.61408,41.932275
-72.614966,41.956781
-72.615056,41.973585
-72.61581700000001,41.998464
-72.618154,42.018865
-72.594647,41.2789
-72.593024,41.300485
-72.59557100000001,41.31543
-72.594735,41.336085
-72.59401699999999,41.35475
-72.59279100000001,41.373754
-72.59331,41.391828
-72.592523,41.414769
-72.59533999999999,41.436232
-72.59118100000001,41.457729
-72.59423,41.476949
-72.59440600000001,41.497309
-72.59238499999999,41.518088
-72.592001,41.537431
-72.59055100000001,41.554021
-72.592951,41.563844
-72.59239700000001,41.583102
-72.591891,41.605407
-72.592242,41.623607
-72.59456,41.644773
-72.59418100000001,41.661872
-72.594641,41.681893
-72.594199,41.701319
-72.592907,41.721676
-72.591163,41.741439
-72.594565,41.76049
-72.59298800000001,41.781184
-72.59435499999999,41.800655
-72.59515399999999,41.821226
-72.596408,41.841204
-72.595173,41.860756
-72.595636,41.903969
-72.59423,41.92297
-72.591917,41.941969
-72.592772,41.963343
-72.592662,41.985266
-72.59147,42.008287
-72.57244900000001,41.272835
-72.574386,41.293752
-72.574997,41.314693
-72.573211,41.333984
-72.57537600000001,41.354117
-72.575039,41.376232
-72.576027,41.396363
-72.572992,41.414449
-72.57363599999999,41.432959
-72.573376,41.452199
-72.57386200000001,41.46755
-72.573972,41.488757
-72.576814,41.507416
-72.574422,41.527991
-72.57526300000001,41.546312
-72.573543,41.56463
-72.57404800000001,41.58362
-72.572654,41.604656
-72.57427800000001,41.622142
-72.57350099999999,41.641422
-72.57484599999999,41.680113
-72.571617,41.718337
-72.57117700000001,41.736237
-72.571735,41.756356
-72.573973,41.775766
-72.573747,41.797138
-72.573415,41.816376
-72.572183,41.837328
-72.574032,41.856528
-72.572861,41.875681
-72.573086,41.895757
-72.571856,41.915496
-72.570291,41.934523
-72.57074299999999,41.953385
-72.571866,41.972542
-72.572317,41.992031
-72.574061,42.010227
-72.571651,42.030088
-72.55033,41.264665
-72.549677,41.277022
-72.54914100000001,41.297922
-72.548276,41.315974
-72.547,41.335907
-72.54613000000001,41.355128
-72.54742,41.374252
-72.548238,41.393629
-72.549328,41.412345
-72.54784100000001,41.434261
-72.545827,41.451497
-72.548705,41.461012
-72.551216,41.479628
-72.552369,41.500938
-72.551092,41.520413
-72.548913,41.540059
-72.548632,41.560684
-72.54830699999999,41.578137
-72.548683,41.596607
-72.54911,41.616339
-72.54802599999999,41.633749
-72.548455,41.652748
-72.547578,41.673087
-72.548322,41.695463
-72.550315,41.735456
-72.551119,41.756856
-72.54822900000001,41.777476
-72.547298,41.797163
-72.546792,41.817022
-72.547995,41.836641
-72.546269,41.856355
-72.546932,41.878214
-72.548005,41.897286
-72.546144,41.916999
-72.546213,41.937313
-72.546548,41.957926
-72.54574599999999,41.979433
-72.545687,41.998154
-72.54588800000001,42.018866
-72.527946,41.252894
-72.522138,41.273496
-72.52158900000001,41.293747
-72.52336800000001,41.312663
-72.526989,41.332819
-72.52713,41.351732
-72.52637799999999,41.371467
-72.529331,41.388375
-72.525977,41.408569
-72.524608,41.428355
-72.52337900000001,41.446955
-72.526049,41.467006
-72.526735,41.486692
-72.526456,41.508026
-72.521866,41.526671
-72.52536000000001,41.547496
-72.525907,41.567903
-72.523859,41.584647
-72.522075,41.60407
-72.522154,41.620611
-72.52174599999999,41.638955
-72.523471,41.656427
-72.525054,41.67529
-72.52609200000001,41.693276
-72.526646,41.711982
-72.525823,41.731406
-72.523,41.751703
-72.524236,41.772008
-72.523759,41.790402
-72.524306,41.811272
-72.52417199999999,41.829873
-72.524379,41.849506
-72.524799,41.867386
-72.526389,41.886042
-72.52488099999999,41.903094
-72.523495,41.924681
-72.523909,41.944416
-72.5235,41.962707
-72.52294999999999,41.981667
-72.524197,42.000322
-72.522398,42.020464
-72.50366699999999,41.287377
-72.505816,41.307646
-72.506883,41.327482
-72.504131,41.345933
-72.504514,41.36538
-72.503522,41.386244
-72.500885,41.403533
-72.50041400000001,41.421989
-72.50027799999999,41.442468
-72.50077899999999,41.460882
-72.501902,41.481578
-72.503664,41.499694
-72.50267700000001,41.518321
-72.500546,41.536601
-72.499443,41.555313
-72.500045,41.577556
-72.50112,41.596058
-72.501502,41.61602
-72.501892,41.634004
-72.50291799999999,41.650569
-72.503539,41.668381
-72.503413,41.68632
-72.501329,41.705933
-72.50034100000001,41.723913
-72.499978,41.743702
-72.501509,41.763666
-72.501954,41.782553
-72.50343100000001,41.80213
-72.50099899999999,41.821569
-72.501161,41.839165
-72.501485,41.859771
-72.50233299999999,41.878701
-72.503514,41.901159
-72.502515,41.921333
-72.503016,41.940864
-72.505714,41.958808
-72.503041,41.979579
-72.503486,41.998766
-72.50450600000001,42.018728
-72.476038,41.259041
-72.476654,41.281261
-72.47650899999999,41.30174
-72.48014600000001,41.323656
-72.480133,41.341011
-72.477858,41.361262
-72.477724,41.379287
-72.476349,41.396327
-72.477921,41.417032
-72.477892,41.438225
-72.48012,41.458575
-72.48033,41.479277
-72.480727,41.498017
-72.479823,41.515548
-72.479147,41.535311
-72.47757900000001,41.555295
-72.478689,41.573902
-72.477833,41.593888
-72.476332,41.611641
-72.477029,41.629622
-72.477254,41.646799
-72.47789,41.665226
-72.47774200000001,41.686462
-72.477783,41.705022
-72.47747200000001,41.722197
-72.476141,41.741333
-72.47678000000001,41.759358
-72.475905,41.768993
-72.475917,41.780012
-72.477456,41.796879
-72.477497,41.81526
-72.479839,41.825705
-72.474439,41.847284
-72.474347,41.868742
-72.475815,41.888464
-72.47548399999999,41.910189
-72.474626,41.929459
-72.47508600000001,41.947662
-72.474464,41.9672
-72.476221,41.989866
-72.478053,42.009142
-72.47892899999999,42.028505
-72.455595,41.280746
-72.455676,41.30081
-72.455094,41.320974
-72.454914,41.34087
-72.456339,41.361747
-72.45589800000001,41.380194
-72.454685,41.401232
-72.45329200000001,41.422438
-72.452257,41.443375
-72.452472,41.464787
-72.453276,41.484652
-72.452834,41.503099
-72.454539,41.522091
-72.456249,41.540173
-72.45602599999999,41.559799
-72.455575,41.579997
-72.456563,41.599559
-72.45553200000001,41.619182
-72.454098,41.638536
-72.454549,41.657591
-72.45361,41.676474
-72.45348900000001,41.712864
-72.454132,41.72926
-72.45517100000001,41.747812
-72.45513099999999,41.766629
-72.45459099999999,41.786254
-72.45514,41.804029
-72.454831,41.822476
-72.454189,41.844658
-72.455265,41.865464
-72.453647,41.884445
-72.455907,41.902393
-72.45456299999999,41.920567
-72.454521,41.939586
-72.451543,41.959506
-72.451093,41.978827
-72.450785,41.996397
-72.451955,42.016765
-72.432513,41.280595
-72.433172,41.302882
-72.43089500000001,41.323714
-72.43073099999999,41.344118
-72.429688,41.361094
-72.430036,41.381354
-72.43017,41.406293
-72.430815,41.438958
-72.43413700000001,41.459726
-72.430207,41.479185
-72.433487,41.49475
-72.433671,41.513191
-72.434144,41.528851
-72.432138,41.546461
-72.433089,41.562277
-72.432593,41.579531
-72.43400200000001,41.60019
-72.43254399999999,41.617647
-72.43237499999999,41.638198
-72.432835,41.656484
-72.432053,41.675798
-72.428523,41.694897
-72.427944,41.714726
-72.428198,41.732599
-72.429762,41.750167
-72.43029199999999,41.768196
-72.42847,41.788742
-72.427763,41.806355
-72.42863199999999,41.825311
-72.430198,41.84293
-72.432079,41.852464
-72.432102,41.861787
-72.43359,41.881568
-72.432462,41.900777
-72.43534099999999,41.918296
-72.435183,41.936528
-72.433843,41.956662
-72.43285400000001,41.975304
-72.433858,41.995753
-72.434172,42.016252
-72.41006899999999,41.279619
-72.410534,41.298907
-72.409757,41.317851
-72.411177,41.338636
-72.410164,41.359115
-72.409949,41.378657
-72.40929300000001,41.395681
-72.40731100000001,41.41701
-72.406425,41.434459
-72.406907,41.450462
-72.40771599999999,41.469239
-72.406882,41.487542
-72.40860000000001,41.506109
-72.408675,41.524286
-72.410224,41.542938
-72.40910100000001,41.562135
-72.40933,41.572675
-72.40996300000001,41.592817
-72.40986,41.612359
-72.409752,41.633011
-72.407883,41.653145
-72.40812,41.672773
-72.40818,41.693851
-72.408526,41.714632
-72.409115,41.732426
-72.407365,41.751109
-72.408123,41.769245
-72.408524,41.7797
-72.407281,41.788485
-72.40763699999999,41.807388
-72.405827,41.826028
-72.408174,41.84596
-72.407785,41.854749
-72.408416,41.864905
-72.407404,41.883632
-72.40821800000001,41.902323
-72.40612,41.920961
-72.40689,41.93739
-72.41161700000001,41.962107
-72.40789700000001,41.973701
-72.41014300000001,41.992267
-72.411423,42.009976
-72.40887100000001,42.027376
-72.384823,41.266928
-72.386495,41.289442
-72.38549999999999,41.310216
-72.384632,41.329133
-72.386276,41.349739
-72.384877,41.369008
-72.386411,41.388685
-72.387182,41.408182
-72.389433,41.425871
-72.390795,41.445061
-72.392448,41.465091
-72.390001,41.4825
-72.38884899999999,41.499339
-72.387799,41.51883
-72.386689,41.538675
-72.38748099999999,41.554724
-72.385948,41.576247
-72.385538,41.596889
-72.387613,41.615417
-72.38673799999999,41.635041
-72.38539299999999,41.654045
-72.387002,41.671952
-72.387908,41.689195
-72.388158,41.707805
-72.38822999999999,41.726636
-72.388958,41.744143
-72.390205,41.763994
-72.389392,41.782777
-72.388442,41.826049
-72.388673,41.837586
-72.388856,41.847179
-72.38863499999999,41.854913
-72.388408,41.874405
-72.387951,41.892571
-72.386194,41.910423
-72.38592,41.927439
-72.386473,41.9449
-72.38671100000001,41.965808
-72.38685,41.983179
-72.386394,42.000902
-72.38646900000001,42.019157
-72.36418500000001,41.269421
-72.36295800000001,41.288584
-72.363041,41.307799
-72.36240599999999,41.326371
-72.360377,41.347901
-72.360711,41.35788
-72.36178099999999,41.376358
-72.36172999999999,41.395771
-72.36213600000001,41.415778
-72.36249100000001,41.433216
-72.363362,41.452385
-72.362004,41.470855
-72.363793,41.490273
-72.36342500000001,41.508005
-72.361732,41.527363
-72.362422,41.544011
-72.36211,41.563126
-72.36317699999999,41.58274
-72.362408,41.601409
-72.36242900000001,41.619882
-72.361727,41.638255
-72.36035099999999,41.658996
-72.35945100000001,41.67717
-72.36117,41.698119
-72.362571,41.717239
-72.363451,41.735567
-72.36333500000001,41.754979
-72.362802,41.744901
-72.363294,41.772908
-72.36271499999999,41.792466
-72.361671,41.812467
-72.3588,41.861306
-72.359077,41.870197
-72.358959,41.889559
-72.360164,41.909072
-72.362098,41.928341
-72.364508,41.945538
-72.363343,41.963413
-72.362505,41.981635
-72.360486,41.998026
-72.360777,42.015709
-72.343101,41.268574
-72.345979,41.289672
-72.344049,41.311407
-72.34294300000001,41.330832
-72.34114,41.35056
-72.340372,41.371295
-72.340593,41.391466
-72.33896799999999,41.410016
-72.338903,41.429531
-72.339592,41.449049
-72.340521,41.467433
-72.339471,41.486595
-72.342822,41.507738
-72.339749,41.525234
-72.33870899999999,41.542694
-72.339161,41.563084
-72.338943,41.579193
-72.338537,41.59744
-72.337478,41.617519
-72.338359,41.63468
-72.339806,41.6542
-72.33986400000001,41.672623
-72.34049,41.69345
-72.33955899999999,41.711564
-72.338911,41.721952
-72.34007,41.732085
-72.342057,41.740474
-72.33842,41.753339
-72.34011,41.771768
-72.33975100000001,41.791674
-72.34202000000001,41.811109
-72.33979100000001,41.831357
-72.34072000000001,41.850569
-72.340659,41.869428
-72.340242,41.889158
-72.338363,41.90884
-72.338239,41.928353
-72.337008,41.947076
-72.33835000000001,41.965896
-72.335302,41.985136
-72.335981,42.006878
-72.337102,42.023732
-72.322602,41.28016
-72.321467,41.29995
-72.31966799999999,41.32134
-72.321089,41.338078
-72.319417,41.359323
-72.315912,41.377725
-72.315572,41.399938
-72.315444,41.419218
-72.31647100000001,41.437541
-72.31705599999999,41.455333
-72.317311,41.474663
-72.315966,41.494178
-72.315699,41.514948
-72.31449600000001,41.532156
-72.314437,41.550523
-72.313926,41.56932
-72.314573,41.587401
-72.31579600000001,41.605724
-72.31373499999999,41.626342
-72.313993,41.645191
-72.31412899999999,41.663077
-72.314774,41.681638
-72.31445100000001,41.70106
-72.315411,41.720536
-72.316171,41.741116
-72.31855,41.759828
-72.316895,41.776841
-72.314644,41.796304
-72.314564,41.817795
-72.31378100000001,41.828994
-72.317489,41.841748
-72.318837,41.86132
-72.317151,41.882564
-72.31625,41.901695
-72.315342,41.921932
-72.314307,41.941735
-72.314875,41.962554
-72.31423700000001,41.980724
-72.31384900000001,41.999905
-72.31312800000001,42.02067
-72.293886,41.28225
-72.296156,41.302438
-72.297237,41.320349
-72.297887,41.339622
-72.29950700000001,41.358172
-72.29713200000001,41.378705
-72.29767099999999,41.396705
-72.29637700000001,41.417833
-72.296048,41.43901
-72.292103,41.458855
-72.29221699999999,41.47699
-72.291279,41.498619
-72.291307,41.520297
-72.29051200000001,41.5387
-72.288929,41.557237
-72.292338,41.580019
-72.293038,41.600973
-72.292062,41.619148
-72.29162100000001,41.638597
-72.292576,41.65787
-72.291473,41.676635
-72.291999,41.696588
-72.291129,41.716626
-72.290396,41.725939
-72.290753,41.735439
-72.290733,41.755389
-72.29126700000001,41.774251
-72.292089,41.795295
-72.290492,41.814921
-72.291314,41.836056
-72.29110300000001,41.857232
-72.290897,41.877726
-72.290454,41.897311
-72.292075,41.917403
-72.291399,41.935441
-72.29571900000001,41.952863
-72.292665,41.971482
-72.29222,41.991248
-72.291781,42.010196
-72.29323100000001,42.029151
-72.275398,41.28575
-72.277092,41.304072
-72.27925999999999,41.323774
-72.27912499999999,41.342372
-72.275412,41.357673
-72.272091,41.377757
-72.273386,41.399238
-72.27245600000001,41.419526
-72.27256800000001,41.438776
-72.26995100000001,41.458777
-72.269477,41.480121
-72.26958999999999,41.499085
-72.268619,41.518949
-72.269491,41.53825
-72.26828,41.55616
-72.271894,41.573518
-72.2706,41.594144
-72.272811,41.61283
-72.27273700000001,41.63146
-72.27429600000001,41.652668
-72.26767599999999,41.671461
-72.268231,41.690903
-72.269802,41.710491
-72.26927499999999,41.730071
-72.267353,41.748978
-72.269389,41.766186
-72.26874100000001,41.784765
-72.269558,41.803349
-72.271236,41.843282
-72.268424,41.861613
-72.268699,41.876002
-72.268861,41.897013
-72.268888,41.901968
-72.269977,41.909882
-72.26710300000001,41.918969
-72.26799,41.928263
-72.26951200000001,41.946659
-72.268027,41.965996
-72.26980399999999,41.984536
-72.269975,42.004498
-72.26805400000001,42.022213
-72.246484,41.476911
-72.247788,41.496786
-72.249668,41.515948
-72.248637,41.534621
-72.248448,41.55082
-72.247912,41.570925
-72.248076,41.590698
-72.246792,41.608989
-72.24539,41.62604
-72.24485799999999,41.645334
-72.24444200000001,41.666106
-72.244626,41.683259
-72.245869,41.703228
-72.246878,41.74516
-72.246799,41.763503
-72.24525,41.782649
-72.247072,41.802048
-72.247878,41.821252
-72.247865,41.839405
-72.24625399999999,41.858074
-72.246835,41.877061
-72.244961,41.896491
-72.243993,41.914305
-72.24614200000001,41.933086
-72.245718,41.946614
-72.24502,41.970575
-72.24416600000001,41.989866
-72.243132,42.007632
-72.24431199999999,42.028266
-72.22587900000001,41.293588
-72.225087,41.313453
-72.224615,41.332844
-72.225459,41.353575
-72.222978,41.37105
-72.221407,41.393152
-72.221552,41.41426
-72.222646,41.435516
-72.22287799999999,41.453671
-72.22837199999999,41.471516
-72.226063,41.490755
-72.22685799999999,41.510008
-72.22619400000001,41.529445
-72.225346,41.548071
-72.224681,41.567651
-72.225409,41.587428
-72.22482100000001,41.605245
-72.224023,41.6253
-72.223855,41.645978
-72.223957,41.664751
-72.22443,41.684764
-72.222931,41.705006
-72.22315500000001,41.724256
-72.22325600000001,41.743124
-72.22403799999999,41.764329
-72.22375099999999,41.784005
-72.223843,41.803921
-72.224423,41.82665
-72.222994,41.845653
-72.223494,41.862426
-72.222908,41.879622
-72.224723,41.899403
-72.223382,41.915357
-72.22207899999999,41.934265
-72.222075,41.942507
-72.222888,41.952373
-72.22311000000001,41.972097
-72.22074499999999,41.987999
-72.222196,42.005681
-72.221535,42.024019
-72.20567699999999,41.291891
-72.207669,41.310722
-72.205804,41.329629
-72.204565,41.349255
-72.203273,41.367641
-72.205584,41.386234
-72.202569,41.406184
-72.202653,41.42634
-72.202212,41.448637
-72.20199,41.467457
-72.20208,41.48685
-72.202612,41.513963
-72.203717,41.525737
-72.200322,41.544828
-72.200363,41.562457
-72.202675,41.581717
-72.202485,41.604158
-72.20099999999999,41.622161
-72.19841,41.64297
-72.200208,41.663085
-72.19985,41.682809
-72.20089900000001,41.701586
-72.198746,41.722921
-72.197075,41.762172
-72.197211,41.783566
-72.19861899999999,41.805012
-72.198131,41.824925
-72.20089900000001,41.843948
-72.201615,41.857196
-72.201375,41.878015
-72.200619,41.899451
-72.199005,41.916643
-72.199601,41.93656
-72.200148,41.947235
-72.20057799999999,41.95667
-72.20024600000001,41.965673
-72.200628,41.973345
-72.201633,41.997742
-72.197227,42.012538
-72.197084,42.029211
-72.178961,41.305436
-72.181184,41.325889
-72.182014,41.346667
-72.181399,41.366438
-72.182435,41.385455
-72.18044399999999,41.403266
-72.179253,41.423653
-72.18044500000001,41.446577
-72.179778,41.464871
-72.181063,41.48446
-72.181326,41.505093
-72.180967,41.524388
-72.180607,41.543731
-72.180172,41.56436
-72.177899,41.584742
-72.17739899999999,41.605513
-72.177065,41.621663
-72.176817,41.642531
-72.175501,41.662012
-72.176329,41.683409
-72.17766399999999,41.704904
-72.177106,41.724817
-72.17800200000001,41.745833
-72.179472,41.766661
-72.17929100000001,41.787242
-72.17941399999999,41.80935
-72.179456,41.826264
-72.17871,41.845842
-72.178348,41.865136
-72.176104,41.888088
-72.17606499999999,41.90686
-72.175434,41.927581
-72.175074,41.946493
-72.175213,41.966694
-72.176523,41.984519
-72.175968,42.003859
-72.17544700000001,42.019292
-72.155963,41.307132
-72.15731200000001,41.325531
-72.156181,41.345585
-72.156266,41.364026
-72.155534,41.381795
-72.154848,41.40147
-72.156817,41.42154
-72.15499,41.441304
-72.15582000000001,41.461321
-72.154265,41.47899
-72.155614,41.49777
-72.15536899999999,41.51759
-72.155886,41.537271
-72.15825700000001,41.555484
-72.15648,41.576344
-72.154848,41.595156
-72.154641,41.61774
-72.154889,41.639134
-72.15420899999999,41.657856
-72.15409200000001,41.677485
-72.155742,41.698505
-72.15383300000001,41.719412
-72.15289300000001,41.738656
-72.152958,41.759191
-72.151042,41.780526
-72.15264999999999,41.799449
-72.153165,41.81951
-72.14987000000001,41.838265
-72.15089999999999,41.857709
-72.15105200000001,41.875624
-72.15127200000001,41.893205
-72.15257800000001,41.910506
-72.151828,41.92956
-72.14975200000001,41.946986
-72.148985,41.967611
-72.15011199999999,41.983768
-72.154161,42.001654
-72.155424,42.010093
-72.152581,42.020464
-72.131472,41.304597
-72.13253,41.32633
-72.133928,41.34554
-72.13322599999999,41.366311
-72.133168,41.385751
-72.132012,41.40752
-72.132402,41.426534
-72.132474,41.445546
-72.13418900000001,41.465091
-72.13629,41.484066
-72.1339,41.502207
-72.132991,41.524596
-72.133426,41.545516
-72.132732,41.585154
-72.132155,41.605734
-72.130605,41.628453
-72.13368199999999,41.565338
-72.130286,41.648558
-72.129203,41.668802
-72.127808,41.688329
-72.13043399999999,41.706163
-72.13069400000001,41.725556
-72.130371,41.745947
-72.129086,41.767189
-72.12836299999999,41.789388
-72.127788,41.809491
-72.129761,41.82956
-72.129575,41.848902
-72.130405,41.868631
-72.129263,41.887968
-72.128497,41.907974
-72.127286,41.92774
-72.12722599999999,41.94713
-72.128136,41.965334
-72.12795300000001,41.984247
-72.12847600000001,42.002926
-72.129689,42.022894
-72.08633500000001,41.412629
-72.113381,41.307193
-72.109663,41.325422
-72.110412,41.345724
-72.109651,41.365208
-72.110809,41.382559
-72.110179,41.401614
-72.109415,41.421336
-72.108394,41.46064
-72.10991799999999,41.479565
-72.108474,41.49752
-72.108834,41.518773
-72.10844299999999,41.539164
-72.10830799999999,41.559223
-72.10943500000001,41.580051
-72.10829800000001,41.598674
-72.108223,41.619162
-72.10784099999999,41.638456
-72.10720499999999,41.657797
-72.107451,41.67781
-72.104703,41.698473
-72.109166,41.716413
-72.109537,41.736759
-72.10886100000001,41.75367
-72.10663099999999,41.773192
-72.106049,41.793295
-72.10586000000001,41.812304
-72.107255,41.832084
-72.108341,41.851052
-72.107837,41.869678
-72.106309,41.888679
-72.105402,41.909256
-72.10553400000001,41.928028
-72.105642,41.949087
-72.106351,41.967576
-72.10799,41.988977
-72.104596,42.028119
-72.107049,42.006456
-72.085685,41.352302
-72.085909,41.373793
-72.086406,41.393331
-72.08973400000001,41.451958
-72.08818700000001,41.473234
-72.089158,41.492383
-72.08498,41.492958
-72.084448,41.514958
-72.08492800000001,41.534012
-72.08444,41.557673
-72.08417900000001,41.577137
-72.08390799999999,41.597478
-72.082478,41.617027
-72.08455100000001,41.63669
-72.085093,41.655743
-72.083904,41.675709
-72.084262,41.694715
-72.08478,41.716259
-72.087172,41.735139
-72.086359,41.754369
-72.083544,41.776447
-72.082065,41.794427
-72.082081,41.810755
-72.08367699999999,41.829399
-72.082992,41.847891
-72.083286,41.867311
-72.081777,41.887874
-72.081588,41.906092
-72.080626,41.927396
-72.081109,41.946402
-72.080786,41.965587
-72.082374,41.985383
-72.083581,42.006099
-72.08374499999999,42.026163
-72.065331,41.338857
-72.064866,41.35901
-72.061871,41.379147
-72.06666,41.399045
-72.06257100000001,41.420653
-72.06237299999999,41.439378
-72.062619,41.458057
-72.064729,41.498237
-72.06510299999999,41.516869
-72.063312,41.536394
-72.063546,41.556217
-72.062884,41.576749
-72.061729,41.595896
-72.061516,41.61605
-72.062518,41.635305
-72.061808,41.654264
-72.06120900000001,41.674843
-72.06237900000001,41.696244
-72.06311100000001,41.717212
-72.061967,41.735072
-72.061386,41.753794
-72.060597,41.774086
-72.061914,41.793866
-72.060883,41.812966
-72.062523,41.832462
-72.061742,41.851896
-72.06135399999999,41.870427
-72.063024,41.893211
-72.060828,41.907777
-72.05961000000001,41.926255
-72.060633,41.943889
-72.06180500000001,41.965621
-72.06113600000001,41.986437
-72.06033600000001,42.007538
-72.05834,42.026821
-72.038782,41.317243
-72.039129,41.337543
-72.03840200000001,41.357837
-72.040594,41.377244
-72.039626,41.396297
-72.03844100000001,41.417923
-72.03924000000001,41.437463
-72.03795,41.456944
-72.036984,41.475711
-72.037323,41.496869
-72.037451,41.514023
-72.03797400000001,41.541471
-72.040165,41.561497
-72.03976,41.581172
-72.039194,41.603897
-72.03865,41.624524
-72.037149,41.645527
-72.037432,41.666017
-72.037464,41.686172
-72.036548,41.705891
-72.03576,41.725469
-72.036821,41.744629
-72.03610500000001,41.763349
-72.032707,41.78291
-72.03566600000001,41.80313
-72.036092,41.822191
-72.036152,41.845632
-72.03600299999999,41.864879
-72.037964,41.924065
-72.03738199999999,41.947883
-72.037829,41.96518
-72.035129,41.984173
-72.03557499999999,42.001517
-72.036232,42.022913
-72.01857099999999,41.318501
-72.017644,41.339174
-72.01708100000001,41.361089
-72.017757,41.379724
-72.01892599999999,41.399554
-72.01826699999999,41.4188
-72.018427,41.455156
-72.01647,41.477062
-72.015151,41.498495
-72.015057,41.517935
-72.016091,41.538716
-72.01731700000001,41.55926
-72.01545299999999,41.578259
-72.01727200000001,41.596949
-72.014295,41.6188
-72.014892,41.638958
-72.016091,41.6565
-72.01460299999999,41.675644
-72.01505400000001,41.697469
-72.015529,41.711671
-72.015677,41.732255
-72.016935,41.75032
-72.016063,41.771136
-72.015075,41.790902
-72.013457,41.80995
-72.015019,41.829447
-72.014415,41.848929
-72.01771100000001,41.867293
-72.017465,41.88897
-72.014273,41.906101
-72.014191,41.924491
-72.013954,41.945262
-72.015017,41.96404
-72.015939,41.984008
-72.01582999999999,42.00478
-72.012591,42.025483
-71.995408,41.314321
-71.99451999999999,41.336424
-71.992184,41.357803
-71.99265200000001,41.37739
-71.99275,41.396212
-71.99290600000001,41.415415
-71.994905,41.434012
-71.99460500000001,41.454451
-71.993753,41.473219
-71.993016,41.49294
-71.993368,41.511716
-71.99211699999999,41.532006
-71.99346799999999,41.552122
-71.992167,41.57122
-71.992946,41.591428
-71.993582,41.613064
-71.992986,41.631547
-71.991619,41.650644
-71.990751,41.669209
-71.990645,41.689125
-71.992385,41.708814
-71.992283,41.728396
-71.993016,41.747364
-71.993616,41.766759
-71.99199400000001,41.785712
-71.991271,41.803907
-71.990493,41.821388
-71.991525,41.841977
-71.99124999999999,41.859937
-71.990624,41.880706
-71.990584,41.900383
-71.991265,41.918349
-71.99118900000001,41.935691
-71.98982,41.954358
-71.99141400000001,41.976236
-71.99094,41.994814
-71.98994399999999,42.014245
-71.974108,41.318503
-71.973497,41.33794
-71.971487,41.358034
-71.96902900000001,41.415339
-71.969994,41.43512
-71.97009300000001,41.453275
-71.969145,41.472914
-71.968512,41.49397
-71.96942,41.513321
-71.969621,41.533525
-71.97053200000001,41.547445
-71.969633,41.564163
-71.969472,41.582887
-71.968349,41.60232
-71.967694,41.625043
-71.968199,41.646345
-71.967381,41.666732
-71.967856,41.685318
-71.96710899999999,41.705086
-71.96766,41.722623
-71.967817,41.741206
-71.968189,41.763078
-71.968175,41.779992
-71.96622499999999,41.799085
-71.965801,41.818283
-71.965115,41.838051
-71.96575,41.87498
-71.966253,41.891325
-71.967901,41.913205
-71.964812,41.931146
-71.966041,41.950831
-71.96468299999999,41.968021
-71.96516800000001,41.985842
-71.964996,42.005184
-71.96409,42.0219
-71.945455,41.337771
-71.946652,41.35865
-71.946901,41.379474
-71.946544,41.39815
-71.944065,41.419432
-71.945455,41.460563
-71.944311,41.440447
-71.946101,41.480055
-71.94765200000001,41.498125
-71.947474,41.517707
-71.948453,41.535916
-71.94942,41.55522
-71.94665000000001,41.574021
-71.946991,41.592606
-71.94732000000001,41.612192
-71.948342,41.632258
-71.947339,41.651691
-71.94681199999999,41.673701
-71.946611,41.695045
-71.94480400000001,41.712566
-71.94384700000001,41.733286
-71.944524,41.750395
-71.944853,41.76998
-71.944827,41.792564
-71.943814,41.812472
-71.94286200000001,41.832667
-71.944225,41.85102
-71.945139,41.869751
-71.94636300000001,41.919976
-71.94671200000001,41.90216
-71.946315,41.882861
-71.94568,41.938934
-71.944406,41.959173
-71.94537200000001,41.978999
-71.94485,42.000292
-71.946589,42.014502
-71.928703,41.335386
-71.927222,41.35253
-71.926519,41.373157
-71.924689,41.392727
-71.92501900000001,41.411646
-71.925487,41.429613
-71.925287,41.450387
-71.92583999999999,41.466687
-71.925506,41.488079
-71.925901,41.506855
-71.92446200000001,41.525332
-71.923953,41.545388
-71.923154,41.563346
-71.92291899999999,41.581736
-71.92267800000001,41.600698
-71.92260400000001,41.621425
-71.919686,41.641034
-71.921477,41.659915
-71.92059399999999,41.679254
-71.919459,41.698399
-71.921779,41.720762
-71.92324499999999,41.740403
-71.922831,41.757934
-71.922709,41.777373
-71.921588,41.795375
-71.922431,41.814058
-71.92003800000001,41.831764
-71.921059,41.851497
-71.92055499999999,41.870932
-71.91949099999999,41.88922
-71.919477,41.910136
-71.919545,41.929623
-71.92050999999999,41.94883
-71.921239,41.966606
-71.92094899999999,41.984232
-71.919319,42.001658
-71.91845600000001,42.019089
-71.90337700000001,41.323708
-71.904391,41.342966
-71.904832,41.362601
-71.90572899999999,41.381238
-71.906069,41.398919
-71.90491900000001,41.419256
-71.902905,41.437777
-71.90286500000001,41.455407
-71.901321,41.476647
-71.90247700000001,41.494905
-71.903684,41.514116
-71.90329300000001,41.534411
-71.90239699999999,41.554465
-71.90500400000001,41.573495
-71.903767,41.595357
-71.90397900000001,41.613178
-71.902249,41.633797
-71.902106,41.654427
-71.900969,41.673335
-71.900818,41.694537
-71.901482,41.71665
-71.900397,41.73632
-71.899992,41.757519
-71.899671,41.777052
-71.898657,41.796102
-71.898303,41.818112
-71.89831100000001,41.836884
-71.89939099999999,41.856427
-71.898563,41.875717
-71.897301,41.894098
-71.895831,41.913574
-71.896158,41.9323
-71.896098,41.95131
-71.89654400000001,41.970609
-71.897773,41.98877
-71.89786599999999,42.010686
-72.252151,41.308948
-72.252004,41.328102
-72.25236200000001,41.347449
-72.249143,41.363159
-72.246968,41.38278
-72.24538800000001,41.398783
-72.244274,41.420029
-72.244643,41.437708
-72.24645099999999,41.457775
-71.879023,41.337366
-71.879066,41.357761
-71.87729899999999,41.376331
-71.877055,41.394531
-71.87723200000001,41.414402
-71.87960699999999,41.435576
-71.88069400000001,41.453739
-71.881252,41.473565
-71.882338,41.49187
-71.881362,41.508016
-71.87871,41.53082
-71.87508099999999,41.550757
-71.875325,41.570342
-71.876837,41.589984
-71.878237,41.613342
-71.878908,41.6295
-71.87753100000001,41.646929
-71.87665699999999,41.664599
-71.876644,41.684468
-71.87570100000001,41.702519
-71.876076,41.721866
-71.875536,41.766555
-71.877526,41.784103
-71.87737900000001,41.804447
-71.87809,41.822558
-71.877962,41.84152
-71.877448,41.860669
-71.875129,41.876612
-71.8768,41.913359
-71.87528,41.931357
-71.875686,41.948464
-71.875681,41.967712
-71.87711899999999,41.984065
-71.876702,42.000689
-71.87545,42.017688
-71.87445700000001,41.729691
-71.87509,41.751176
-71.858689,41.331728
-71.858097,41.351832
-71.86004300000001,41.371431
-71.858193,41.391048
-71.857039,41.410576
-71.858272,41.431408
-71.856089,41.452023
-71.855734,41.473224
-71.857242,41.492581
-71.854872,41.512814
-71.855965,41.531312
-71.85563000000001,41.551083
-71.85535400000001,41.571093
-71.855852,41.590204
-71.85503300000001,41.608161
-71.85476300000001,41.627695
-71.85356,41.645839
-71.852159,41.664411
-71.852362,41.681851
-71.852876,41.699866
-71.85279199999999,41.719639
-71.853398,41.740227
-71.852251,41.763279
-71.85365299999999,41.786064
-71.853002,41.805451
-71.85202099999999,41.825693
-71.85204,41.847229
-71.852936,41.865341
-71.851788,41.883675
-71.852009,41.90445
-71.848606,41.924387
-71.84943800000001,41.94245
-71.84992800000001,41.962226
-71.846363,41.979779
-71.846301,41.997883
-71.846964,42.014372
-71.833833,41.376021
-71.83232200000001,41.415844
-71.832492,41.435239
-71.832335,41.455298
-71.832002,41.474451
-71.835151,41.493726
-71.835673,41.515172
-71.834909,41.533415
-71.83563,41.554291
-71.83522000000001,41.574396
-71.832146,41.594336
-71.831423,41.613961
-71.830653,41.632442
-71.830254,41.651641
-71.829531,41.671218
-71.831041,41.690194
-71.829176,41.709619
-71.827873,41.729668
-71.82946200000001,41.747644
-71.82993399999999,41.768135
-71.830449,41.785626
-71.830562,41.804542
-71.83011999999999,41.822215
-71.830105,41.84113
-71.830775,41.861242
-71.831531,41.879782
-71.830102,41.899543
-71.830848,41.918798
-71.83063900000001,41.937949
-71.830935,41.957533
-71.827724,41.976755
-71.82789800000001,41.995814
-71.82882100000001,42.016165
-71.809258,41.426236
-71.809414,41.446107
-71.80944700000001,41.465691
-71.810456,41.487904
-71.81182800000001,41.507023
-71.810928,41.525408
-71.81106,41.546946
-71.810343,41.565809
-71.810048,41.5862
-71.808044,41.606196
-71.80935599999999,41.625171
-71.808796,41.646274
-71.808063,41.66609
-71.80823100000001,41.685102
-71.808577,41.705069
-71.80873200000001,41.724987
-71.807811,41.74461
-71.808351,41.76434
-71.80848,41.781685
-71.80866500000001,41.799601
-71.809129,41.815852
-71.808733,41.834288
-71.805345,41.961472
-71.80594000000001,41.981868
-71.805483,42.013071
-71.806124,41.943088
-71.805526,41.922929
-71.808466,41.905086
-71.80743200000001,41.888545
-71.807024,42.021231
-73.648562,41.026332
-73.64999400000001,41.048097
-73.650097,41.069301
-73.65205899999999,41.088299
-73.649345,41.106189
-73.648138,41.123782
-73.625103,40.996703
-73.625604,41.015378
-73.627078,41.036143
-73.625157,41.057171
-73.624459,41.075618
-73.623772,41.094921
-73.622529,41.115039
-73.62350499999999,41.131471
-73.625173,40.974382
-73.604432,40.994562
-73.60194,41.014617
-73.600894,41.035705
-73.601826,41.054432
-73.602504,41.075594
-73.60134100000001,41.096552
-73.603904,41.116788
-73.605114,41.134642
-73.605389,41.146854
-73.580356,41.006656
-73.582117,41.026418
-73.581371,41.03705
-73.580422,41.046587
-73.580427,41.066791
-73.580811,41.087087
-73.57929900000001,41.106921
-73.57988400000001,41.128169
-73.579061,41.147759
-73.579916,41.165431
-73.556988,41.02012
-73.558753,41.04074
-73.558941,41.061038
-73.558352,41.079626
-73.5611,41.098047
-73.559414,41.119645
-73.55869300000001,41.137709
-73.55865900000001,41.155388
-73.559674,41.176203
-73.535894,41.013406
-73.534958,41.035045
-73.534389,41.045294
-73.533627,41.055258
-73.533627,41.076272
-73.533176,41.096431
-73.534167,41.116056
-73.535922,41.136248
-73.532331,41.157429
-73.536569,41.179557
-73.540635,41.296557
-73.538217,41.305532
-73.539695,41.323247
-73.54113,41.342488
-73.54218899999999,41.361969
-73.541517,41.379556
-73.53872699999999,41.399922
-73.538309,41.417602
-73.508191,41.027698
-73.509506,41.048846
-73.510443,41.059036
-73.51048900000001,41.068471
-73.51084899999999,41.088577
-73.51168300000001,41.12774
-73.51323600000001,41.147409
-73.513718,41.16699
-73.514078,41.187
-73.51289,41.263438
-73.513481,41.281589
-73.51357899999999,41.300743
-73.51511000000001,41.318125
-73.513953,41.338003
-73.515581,41.358147
-73.515243,41.377876
-73.51724900000001,41.39778
-73.51779999999999,41.417646
-73.518935,41.433315
-73.520741,41.452171
-73.521106,41.472277
-73.520702,41.491625
-73.522705,41.510861
-73.52186500000001,41.530831
-73.522626,41.546836
-73.52307399999999,41.568465
-73.51912299999999,41.588408
-73.52168,41.605925
-73.490439,41.058522
-73.490484,41.068004
-73.489975,41.078681
-73.491578,41.097826
-73.49072099999999,41.116749
-73.48969,41.136959
-73.490916,41.156202
-73.491877,41.17416
-73.49215599999999,41.19317
-73.496076,41.238078
-73.493556,41.249626
-73.492817,41.26788
-73.49441299999999,41.285929
-73.49601300000001,41.304311
-73.49700799999999,41.324985
-73.495262,41.343674
-73.495733,41.362683
-73.49373900000001,41.381899
-73.494608,41.402573
-73.49501600000001,41.421582
-73.49592199999999,41.439921
-73.49499400000001,41.458414
-73.49422199999999,41.47948
-73.494772,41.499774
-73.492791,41.517653
-73.496757,41.537258
-73.49601800000001,41.55575
-73.496021,41.578049
-73.49817299999999,41.59962
-73.500807,41.624284
-73.500655,41.644058
-73.50055399999999,41.668216
-73.49973300000001,41.690615
-73.497923,41.710019
-73.498728,41.735647
-73.500587,41.753311
-73.49859100000001,41.773335
-73.49986,41.794958
-73.500018,41.814063
-73.50097700000001,41.836259
-73.501935,41.85836
-73.465262,41.044291
-73.465029,41.063304
-73.46576500000001,41.084504
-73.464608,41.10543
-73.465154,41.143784
-73.468859,41.165442
-73.46868499999999,41.184026
-73.467974,41.20533
-73.46842700000001,41.223625
-73.467743,41.241688
-73.468148,41.261269
-73.46766599999999,41.280618
-73.467541,41.378252
-73.46757599999999,41.398693
-73.466154,41.418952
-73.46839199999999,41.438188
-73.46937200000001,41.458099
-73.471417,41.47686
-73.471733,41.493916
-73.473862,41.514343
-73.47389800000001,41.534593
-73.47239,41.552947
-73.47103,41.573301
-73.47157300000001,41.633571
-73.47156800000001,41.593119
-73.47147699999999,41.613512
-73.473096,41.656241
-73.47314,41.677253
-73.47444299999999,41.697113
-73.472973,41.71923
-73.47283299999999,41.740863
-73.473253,41.761347
-73.474931,41.78049
-73.475332,41.799212
-73.476596,41.821073
-73.47772000000001,41.841696
-73.477318,41.862519
-73.47766900000001,41.882385
-73.476786,41.905926
-73.47733599999999,41.926457
-73.478539,41.948223
-73.48055700000001,41.968601
-73.484362,41.988825
-73.48354500000001,42.006839
-73.483991,42.023559
-73.480507,42.043114
-73.444141,41.064529
-73.443572,41.082068
-73.442947,41.094413
-73.44323300000001,41.103608
-73.442268,41.125532
-73.447507,41.415589
-73.44777499999999,41.393288
-73.44659299999999,41.371615
-73.445319,41.352944
-73.446692,41.33359
-73.448297,41.436025
-73.445616,41.457721
-73.44925000000001,41.477568
-73.450705,41.500907
-73.44783099999999,41.540186
-73.447239,41.561822
-73.447778,41.582402
-73.45093900000001,41.604825
-73.451043,41.620309
-73.450513,41.641753
-73.451027,41.659951
-73.45186,41.684008
-73.452769,41.703394
-73.454973,41.724774
-73.452792,41.746466
-73.45358400000001,41.766662
-73.454357,41.785096
-73.457807,41.803657
-73.45171600000001,41.823324
-73.449871,41.841154
-73.45213699999999,41.862056
-73.452738,41.88211
-73.454458,41.899537
-73.455078,41.921307
-73.455517,41.943887
-73.456118,41.963893
-73.455189,41.984004
-73.45577400000001,42.002438
-73.45553200000001,42.021115
-73.45535,42.039506
-73.69270400000001,41.060031
-73.69145500000001,41.078556
-73.692708,41.098519
-73.668474,41.035427
-73.669455,41.056004
-73.66947999999999,41.075732
-73.669095,41.09308
-73.670241,41.111893
-73.42014,41.055345
-73.422653,41.079346
-73.423492,41.099687
-73.42076400000001,41.110044
-73.420732,41.119192
-73.418486,41.139886
-73.42395999999999,41.261121
-73.424742,41.239055
-73.421913,41.221823
-73.42617900000001,41.280311
-73.42757400000001,41.299028
-73.428269,41.317226
-73.42173800000001,41.376444
-73.424539,41.396488
-73.42590199999999,41.418065
-73.42681500000001,41.438882
-73.42822700000001,41.458838
-73.430241,41.481888
-73.427913,41.501675
-73.42839600000001,41.52359
-73.428364,41.544794
-73.426373,41.566771
-73.425465,41.589265
-73.423377,41.608193
-73.42386999999999,41.63735
-73.424908,41.657737
-73.42783300000001,41.682258
-73.42733,41.701081
-73.429333,41.722319
-73.429873,41.743423
-73.429237,41.761627
-73.431416,41.787295
-73.43065900000001,41.806024
-73.42976899999999,41.824324
-73.430408,41.842711
-73.428776,41.881408
-73.42983700000001,41.903461
-73.430618,41.923133
-73.430965,41.943903
-73.42904299999999,41.96745
-73.428153,41.986035
-73.428821,42.006994
-73.431065,42.031993
-73.431623,42.048521
-73.397846,41.060482
-73.39691999999999,41.081405
-73.398704,41.102551
-73.396207,41.124008
-73.39752799999999,41.142774
-73.399242,41.163111
-73.397936,41.183941
-73.39741600000001,41.201479
-73.396587,41.219686
-73.398681,41.23354
-73.401461,41.252726
-73.40012299999999,41.27694
-73.400558,41.295139
-73.400875,41.314245
-73.401872,41.331774
-73.40211100000001,41.349307
-73.403357,41.366406
-73.40405800000001,41.385842
-73.406026,41.405272
-73.407813,41.425512
-73.40746799999999,41.447813
-73.406915,41.46821
-73.40695,41.490509
-73.40448000000001,41.509487
-73.405771,41.530635
-73.404264,41.550989
-73.40264500000001,41.572963
-73.402197,41.5915
-73.401927,41.613277
-73.40153100000001,41.634472
-73.40194200000001,41.655129
-73.401541,41.675981
-73.404398,41.697044
-73.40580900000001,41.715865
-73.404628,41.73493
-73.404645,41.756694
-73.405396,41.770564
-73.40758099999999,41.815186
-73.409165,41.835645
-73.409402,41.8539
-73.40907900000001,41.892132
-73.40988299999999,41.910956
-73.40981600000001,41.929365
-73.407695,41.946605
-73.409603,41.963441
-73.408942,41.983683
-73.40873000000001,42.002969
-73.40938800000001,42.022327
-73.409599,42.042945
-73.410838,41.870979
-73.377022,41.103184
-73.376772,41.114752
-73.377455,41.123173
-73.377822,41.142526
-73.37849199999999,41.162104
-73.37970300000001,41.181451
-73.379154,41.205818
-73.379792,41.228128
-73.379302,41.246164
-73.380168,41.267062
-73.38141899999999,41.290279
-73.381591,41.314323
-73.382273,41.334811
-73.384197,41.35247
-73.38543,41.373547
-73.38341,41.395781
-73.38332800000001,41.418414
-73.38445400000001,41.440858
-73.38438100000001,41.464355
-73.383791,41.484577
-73.384293,41.50493
-73.381896,41.520061
-73.382595,41.542052
-73.38302,41.560811
-73.38188599999999,41.581309
-73.384142,41.601196
-73.384452,41.620456
-73.38513399999999,41.640579
-73.384852,41.6613
-73.385576,41.679465
-73.384732,41.69864
-73.385081,41.715668
-73.38354099999999,41.73216
-73.38286100000001,41.749741
-73.382671,41.77383
-73.379651,41.80103
-73.377718,41.846347
-73.378917,41.869426
-73.379403,41.89424
-73.379077,41.917099
-73.381618,41.933796
-73.380169,41.954066
-73.381998,41.972587
-73.379707,41.994228
-73.382802,42.01725
-73.384365,42.039552
-73.350908,41.075962
-73.35182399999999,41.100211
-73.352085,41.121652
-73.35202200000001,41.142237
-73.35314099999999,41.161052
-73.353826,41.180585
-73.353093,41.203651
-73.352587,41.223952
-73.352075,41.243729
-73.35264599999999,41.264501
-73.352953,41.284083
-73.355459,41.302176
-73.356515,41.320659
-73.35714400000001,41.340668
-73.355992,41.359542
-73.35673900000001,41.378645
-73.357272,41.435677
-73.357348,41.457404
-73.356467,41.478374
-73.35684000000001,41.497955
-73.35720600000001,41.516774
-73.357848,41.537974
-73.357141,41.55737
-73.357721,41.57857
-73.359554,41.598095
-73.35896,41.615966
-73.35732,41.637463
-73.357675,41.655042
-73.359195,41.674807
-73.360901,41.693904
-73.35943399999999,41.713733
-73.359807,41.733027
-73.359037,41.752661
-73.359892,41.769046
-73.36177000000001,41.78595
-73.362961,41.804192
-73.360873,41.825786
-73.36265400000001,41.845691
-73.365707,41.865114
-73.36549599999999,41.883172
-73.365809,41.902609
-73.36532099999999,41.945013
-73.363989,41.965983
-73.364822,41.986417
-73.32489,41.110308
-73.325931,41.121215
-73.32659,41.131694
-73.327603,41.153513
-73.327637,41.171619
-73.329579,41.191527
-73.33083499999999,41.212105
-73.33262000000001,41.235348
-73.331959,41.253268
-73.33416200000001,41.273698
-73.33465099999999,41.292993
-73.33442700000001,41.310243
-73.333664,41.330879
-73.33515,41.348596
-73.335111,41.365273
-73.335025,41.383952
-73.33417900000001,41.402444
-73.334555,41.423121
-73.33402700000001,41.441945
-73.33263700000001,41.463441
-73.334403,41.48373
-73.333825,41.50403
-73.334191,41.523612
-73.33483099999999,41.545383
-73.33500600000001,41.564822
-73.337532,41.584535
-73.33790000000001,41.604068
-73.33731400000001,41.623511
-73.336849,41.642334
-73.337352,41.662723
-73.337266,41.681353
-73.338196,41.699692
-73.3364,41.719093
-73.336445,41.738056
-73.33704899999999,41.755586
-73.338094,41.772494
-73.341151,41.793633
-73.338122,41.81061
-73.338819,41.831189
-73.338036,41.850107
-73.338632,41.866589
-73.338257,41.881456
-73.336568,41.899044
-73.339167,41.918327
-73.341083,41.939375
-73.341268,41.959622
-73.34182,41.978009
-73.340546,41.999311
-73.340796,42.019605
-73.342438,42.038368
-73.363276,42.006842
-73.362396,42.026715
-73.363254,42.044642
-73.30665000000001,41.120659
-73.30604200000001,41.130716
-73.307017,41.141576
-73.30749400000001,41.160585
-73.308277,41.178402
-73.303359,41.200821
-73.308688,41.219092
-73.307418,41.240302
-73.30789400000001,41.259026
-73.307822,41.280135
-73.305834,41.29887
-73.306338,41.320834
-73.307003,41.339509
-73.307586,41.355945
-73.30776299999999,41.376623
-73.308761,41.397059
-73.310193,41.41635
-73.309681,41.437794
-73.30998,41.457804
-73.309399,41.478629
-73.310833,41.490629
-73.311444,41.510019
-73.31278500000001,41.533073
-73.312952,41.552322
-73.311058,41.575344
-73.313321,41.594821
-73.31350500000001,41.616023
-73.315152,41.637455
-73.31249800000001,41.653668
-73.31132599999999,41.672303
-73.311618,41.691408
-73.311404,41.710705
-73.311444,41.729906
-73.312448,41.750341
-73.311593,41.769117
-73.311761,41.788507
-73.31180000000001,41.80766
-73.3133,41.826282
-73.313292,41.84734
-73.315647,41.868816
-73.315495,41.887922
-73.31450599999999,41.906079
-73.315067,41.926419
-73.315297,41.94538
-73.315904,41.963624
-73.31587,41.981537
-73.316205,42.005166
-73.315849,42.022843
-73.31649,42.044897
-73.280192,41.129219
-73.27969400000001,41.137846
-73.280095,41.148327
-73.281474,41.17062
-73.282409,41.192534
-73.281879,41.212645
-73.28393300000001,41.232362
-73.28510799999999,41.275526
-73.285602,41.251127
-73.28420199999999,41.295971
-73.28322,41.31494
-73.281299,41.335152
-73.283006,41.358349
-73.282208,41.376697
-73.282937,41.396229
-73.28374700000001,41.417857
-73.28443,41.439296
-73.28536699999999,41.460828
-73.28706,41.481833
-73.28716300000001,41.501892
-73.28722999999999,41.502368
-73.28610500000001,41.519621
-73.28888499999999,41.541431
-73.28966,41.558294
-73.289824,41.578019
-73.291302,41.595498
-73.291456,41.613889
-73.291557,41.633662
-73.29254,41.652477
-73.292827,41.671582
-73.294574,41.690393
-73.293982,41.710693
-73.292771,41.73314
-73.287919,41.746265
-73.288791,41.766986
-73.290419,41.786608
-73.29064099999999,41.805617
-73.292378,41.822808
-73.29279,41.841531
-73.29314100000001,41.860539
-73.29172,41.881175
-73.29455,41.899218
-73.29611800000001,41.918697
-73.29756500000001,41.938938
-73.29769400000001,41.961663
-73.299072,41.981047
-73.29904999999999,42.000913
-73.29977700000001,42.018728
-73.300156,42.040688
-73.259551,41.124929
-73.257567,41.145332
-73.258202,41.154049
-73.258713,41.163005
-73.25958300000001,41.185634
-73.259929,41.205645
-73.260395,41.224845
-73.26074800000001,41.245809
-73.25837,41.256636
-73.258843,41.276741
-73.257111,41.297667
-73.256135,41.318398
-73.25945400000001,41.338729
-73.25873300000001,41.359841
-73.259522,41.379802
-73.258471,41.399104
-73.260096,41.420729
-73.259559,41.441076
-73.260482,41.461847
-73.260892,41.481761
-73.262888,41.501812
-73.264561,41.521006
-73.266051,41.541011
-73.26647,41.561783
-73.268474,41.582358
-73.268697,41.602368
-73.26925199999999,41.624045
-73.269668,41.644292
-73.26932600000001,41.664972
-73.26965800000001,41.682647
-73.27037799999999,41.701082
-73.27059300000001,41.719949
-73.27093499999999,41.73872
-73.271412,41.758395
-73.271756,41.777356
-73.270642,41.797181
-73.26990600000001,41.816432
-73.270571,41.835725
-73.26836400000001,41.854554
-73.26832,41.872897
-73.267,41.891103
-73.268495,41.910582
-73.26785700000001,41.926354
-73.266199,41.942465
-73.27000200000001,41.963029
-73.27016399999999,41.983086
-73.27235500000001,42.001323
-73.27226400000001,42.021618
-73.273571,42.040907
-73.231953,41.125192
-73.23341000000001,41.14334
-73.23467599999999,41.161012
-73.23467100000001,41.177308
-73.237368,41.217608
-73.234938,41.196367
-73.237218,41.239765
-73.23933700000001,41.261341
-73.23921799999999,41.279162
-73.23727700000001,41.298372
-73.237306,41.319099
-73.238361,41.341871
-73.23882,41.36088
-73.23770500000001,41.380897
-73.240156,41.4039
-73.239435,41.425917
-73.240184,41.449594
-73.241153,41.468983
-73.24239300000001,41.490514
-73.243859,41.508185
-73.243025,41.498516
-73.24236500000001,41.52015
-73.239678,41.541222
-73.23947800000001,41.554421
-73.240405,41.571236
-73.240235,41.607543
-73.23830599999999,41.621226
-73.243208,41.647934
-73.24178000000001,41.668952
-73.240983,41.689586
-73.241765,41.708879
-73.241794,41.729414
-73.243531,41.748655
-73.24502099999999,41.76885
-73.244773,41.777951
-73.243267,41.797539
-73.24309,41.816026
-73.24370500000001,41.838273
-73.24287099999999,41.854142
-73.24467900000001,41.873858
-73.245858,41.894625
-73.247085,41.913248
-73.24666499999999,41.933165
-73.24890600000001,41.950687
-73.244114,41.966668
-73.24329899999999,41.985347
-73.24453,42.004351
-73.21368200000001,41.152285
-73.214192,41.16205
-73.213329,41.173633
-73.21423400000001,41.194594
-73.214783,41.218464
-73.21530900000001,41.239189
-73.21337,41.2594
-73.214283,41.281171
-73.215177,41.300322
-73.21632700000001,41.319663
-73.215085,41.34049
-73.21364,41.359603
-73.216065,41.38032
-73.218161,41.398989
-73.220894,41.418228
-73.219143,41.438628
-73.22048100000001,41.4573
-73.219481,41.476792
-73.22128100000001,41.497749
-73.21740800000001,41.681727
-73.219802,41.661325
-73.217947,41.642036
-73.219472,41.624544
-73.21825200000001,41.605157
-73.218493,41.585812
-73.218892,41.702352
-73.219475,41.721407
-73.21745300000001,41.740854
-73.216194,41.760441
-73.216257,41.777927
-73.21646300000001,41.797746
-73.218194,41.816939
-73.220235,41.834893
-73.222791,41.85332
-73.222088,41.844319
-73.219357,41.863006
-73.220068,41.881917
-73.217585,41.900079
-73.21911400000001,41.91732
-73.219121,41.9359
-73.219754,41.952715
-73.22052600000001,41.971006
-73.21982300000001,41.988494
-73.220277,42.006881
-73.717274,41.088121
-73.356545,41.398973
-73.357197,41.417574
-73.245634,42.024918
-73.21836500000001,41.56269
-73.21869,41.542975
-73.21807800000001,41.522912
-73.21987300000001,42.024677
-73.220072,42.042219
-73.19196,41.1529
-73.078329,41.203369
-73.080209,41.225711
-73.69426799999999,41.117603
-73.670914,41.13011
-73.64925,41.142554
-73.62503700000001,41.151708
-73.536822,41.199807
-73.539141,41.25522
-73.538979,41.278504
-73.540729,41.4385
-73.54070299999999,41.457279
-73.541206,41.477683
-73.540735,41.496561
-73.514022,41.206642
-73.514957,41.226805
-73.514534,41.244869
-73.525015,41.625975
-73.524455,41.643272
-73.523376,41.665219
-73.524512,41.690792
-73.52285999999999,41.707617
-73.52110999999999,41.727078
-73.51884200000001,41.746111
-73.491062,41.038014
-73.4926,41.212665
-73.504535,41.880713
-73.50385300000001,41.902036
-73.50251299999999,41.923913
-73.503655,41.945155
-73.50210300000001,41.965365
-73.50359899999999,41.984079
-73.48062,42.061443
-73.45666799999999,42.057094
-73.37726600000001,41.076123
-73.38516799999999,42.060211
-73.24781900000001,42.046168
-73.170939,42.04486
-73.146449,42.047171
-73.123632,42.050869
-73.10291100000001,42.044828
-73.077861,42.046609
-73.05441,42.049157
-73.031695,42.045696
-72.755562,42.02721
-72.73325,42.040688
-72.68556,42.034923
-72.61765699999999,42.042241
-72.59271699999999,42.028222
-72.54731099999999,42.04041
-72.523841,42.039502
-72.504268,42.037071
-72.452275,42.037153
-72.434341,42.03502
-72.386217,42.038948
-72.360855,42.035407
-72.31345,42.043275
-72.087659,41.309551
-72.087963,41.329375
-71.99014099999999,42.035324
-71.94813499999999,42.031346
-71.89858200000001,42.030237
-71.880608,41.315361
-71.860328,41.309934
-71.835829,41.317033
-71.834604,41.336751
-71.834548,41.358717
-71.809367,41.406988
-71.78680900000001,41.417331
-71.786366,41.438043
-71.785803,41.458909
-71.787418,41.478172
-71.787637,41.497615
-71.787359,41.516387
-71.78640300000001,41.538059
-71.784384,41.554433
-71.784997,41.577214
-71.785921,41.596186
-71.783655,41.61618
-71.783552,41.635905
-71.786405,41.657561
-71.786633,41.676432
-71.78502899999999,41.694524
-71.785619,41.714684
-71.784446,41.733638
-71.783259,41.753449
-71.781964,41.771973
-71.781491,41.790837
-71.78323399999999,41.810529
-71.781471,41.82619
-71.78265500000001,41.844925
-71.78384699999999,41.86323
-71.781296,41.880361
-73.71565099999999,41.068183
-73.716748,41.108379
-73.691926,41.040889
-73.077114,41.311325
-72.80341,41.471091
-72.803555,41.49358
-72.802494,41.513878
-72.80459999999999,41.530124
-72.802779,41.55209
-72.802987,41.573531
-72.803954,41.592827
-72.804924,41.613075
-72.80506800000001,41.633372
-72.80527600000001,41.654145
-72.781288,41.320317
-72.782436,41.340757
-72.779961,41.727605
-72.780615,41.766101
-72.781515,41.784825
-72.75488,41.342568
-72.753046,41.32165
-72.734579,41.738093
-72.497472,41.25029
-72.501986,41.267816
-72.456542,41.776112
-72.431335,41.778796
-72.38967599999999,41.773092
-72.358777,41.851234
-72.31734400000001,41.731025
-72.269448,41.719638
-72.249927,41.289974
-72.19822600000001,41.742929
-72.087431,41.432409
-73.37821,41.823909
-71.96958100000001,41.396507
-71.970004,41.377117
-72.062753,41.478308
-72.35923800000001,41.833036
-72.388606,41.80237
-72.45500199999999,41.69462
-72.628021,41.316285
-72.733109,41.274394
-72.75850199999999,41.700016
-72.78392599999999,41.355654
-72.78006600000001,41.746996
-72.8036,41.315534
-72.872775,41.268891
-72.873126,41.457536
-72.89566499999999,41.26421
-72.98788399999999,41.665907
-73.078953,41.47696
-73.170867,41.845974
-73.16689700000001,41.208176
-73.366072,41.921534
-73.4063,41.7928
-73.447423,41.521344
-73.465141,41.124757
-73.511697,41.108785
-73.647572,40.988419
-73.647536,40.99957
-73.670445,40.987065
-73.668385,41.015974
-71.832977,41.39709
-72.431369,41.419161
-72.964793,41.228653
-73.19012600000001,41.193671
-73.103466,41.480611
-72.246366,41.724057
