 -73.557499,41.260820
 -73.540200,41.261010
 -73.521230,41.260880
 -73.502610,41.260800
 -73.484340,41.259990
 -73.465710,41.259510
 -73.446560,41.258840
 -73.427320,41.258020
 -73.406150,41.257350
 -73.386920,41.257130
 -73.367769,41.256770
 -73.348719,41.256940
 -73.323030,41.255860
 -73.304310,41.256620
 -73.284700,41.256120
 -73.265279,41.256500
 -73.245670,41.255990
 -73.226460,41.256970
 -73.207929,41.256450
 -73.187329,41.256530
 -73.168310,41.256300
 -73.148990,41.256450
 -73.130169,41.256210
 -73.112239,41.255890
 -73.093320,41.255500
 -73.074700,41.255480
 -73.055380,41.255460
 -73.037059,41.255440
 -73.017240,41.255560
 -72.993320,41.254150
 -72.974330,41.255070
 -72.955659,41.255350
 -72.937140,41.255850
 -72.919869,41.255350
 -72.901509,41.256080
 -72.881349,41.256520
 -72.863059,41.256840
 -72.844069,41.256260
 -72.825549,41.257220
 -72.808130,41.257410
 -72.789929,41.257890
 -72.767869,41.258370
 -72.745509,41.258790
 -72.722990,41.259320
 -72.700599,41.258420
 -72.680299,41.258260
 -72.660510,41.258050
 -72.638779,41.258720
 -72.618730,41.259230
 -72.600290,41.259160
 -72.579919,41.258500
 -72.558769,41.259190
 -72.537619,41.259260
 -72.516860,41.259360
 -72.497720,41.259910
 -72.476180,41.259220
 -72.454779,41.258490
 -72.432600,41.257550
 -72.412229,41.256610
 -72.391020,41.257080
 -72.370790,41.255160
 -72.349950,41.256900
 -72.322700,41.256620
 -72.195970,41.281560
 -72.212079,41.280680
 -72.231049,41.278530
 -72.247589,41.276850
 -72.265599,41.276370
 -72.284129,41.275720
 -72.302860,41.277720
 -72.321290,41.278270
 -72.346590,41.278260
 -72.368510,41.278780
 -72.390580,41.278070
 -72.411349,41.278130
 -72.433399,41.278440
 -72.453140,41.278540
 -72.472030,41.278290
 -72.490980,41.278780
 -72.511419,41.279260
 -72.531540,41.279350
 -72.549979,41.278900
 -72.570940,41.279760
 -72.591510,41.279990
 -72.612730,41.280110
 -72.631100,41.280420
 -72.652259,41.280350
 -72.672190,41.279870
 -72.691729,41.279110
 -72.714730,41.279920
 -72.734670,41.278680
 -72.756500,41.278680
 -72.778080,41.278680
 -72.799040,41.279500
 -72.819140,41.278720
 -72.838919,41.279240
 -72.858080,41.279050
 -72.880530,41.278850
 -72.901089,41.278940
 -72.921500,41.278670
 -72.942379,41.278460
 -72.963499,41.277950
 -72.980610,41.277330
 -73.000390,41.276990
 -73.027539,41.278410
 -73.047559,41.278360
 -73.067280,41.278150
 -73.089080,41.278240
 -73.110080,41.278180
 -73.129399,41.277890
 -73.148029,41.277900
 -73.169440,41.278120
 -73.187869,41.278130
 -73.206300,41.278730
 -73.225029,41.278510
 -73.243659,41.278200
 -73.261680,41.277450
 -73.279719,41.277220
 -73.299240,41.277050
 -73.318350,41.276140
 -73.341510,41.276060
 -73.359349,41.276100
 -73.378309,41.275670
 -73.397469,41.275890
 -73.642670,41.311290
 -73.621399,41.311050
 -73.601980,41.310800
 -73.585440,41.309600
 -73.569170,41.308850
 -73.551489,41.308050
 -73.532070,41.307720
 -73.512040,41.308190
 -73.493660,41.307710
 -73.474140,41.306910
 -73.455070,41.306890
 -73.436169,41.306150
 -73.419379,41.306110
 -73.401090,41.304890
 -73.382289,41.305000
 -73.364279,41.305760
 -73.345479,41.306120
 -73.325750,41.306000
 -73.304550,41.307150
 -73.282740,41.307630
 -73.260830,41.307650
 -73.241600,41.308190
 -73.221970,41.308120
 -73.203629,41.308040
 -73.185390,41.307890
 -73.164469,41.307370
 -73.142669,41.307970
 -73.123830,41.307880
 -73.104000,41.308170
 -73.652239,41.018380
 -73.670280,41.018230
 -73.687820,41.017870
 -73.703040,40.997440
 -73.684719,40.997940
 -73.665890,40.999060
 -73.647269,40.999550
 -73.628269,41.000160
 -73.609060,41.001330
 -73.590370,41.002210
 -73.248540,41.566590
 -73.231479,41.566970
 -73.213590,41.566800
 -73.195119,41.566560
 -73.175319,41.566690
 -73.149219,41.565790
 -73.128350,41.565050
 -73.111869,41.565980
 -73.093979,41.566410
 -73.076249,41.565460
 -72.664980,41.512200
 -72.646080,41.512760
 -72.626099,41.513070
 -72.601529,41.514680
 -72.583179,41.515150
 -72.564830,41.515370
 -72.545069,41.515500
 -72.525740,41.515790
 -72.506410,41.516000
 -72.489269,41.515060
 -73.085070,41.308080
 -73.066130,41.307310
 -73.046990,41.306240
 -73.029449,41.305910
 -73.005599,41.303690
 -72.987450,41.303010
 -72.967820,41.303470
 -72.949760,41.303860
 -72.929189,41.303180
 -72.908999,41.303680
 -72.889370,41.304540
 -72.870999,41.305450
 -72.851679,41.306650
 -72.832130,41.306900
 -72.814459,41.306910
 -72.794350,41.306630
 -72.772359,41.306100
 -72.751000,41.306520
 -72.729480,41.306340
 -73.238349,41.120700
 -73.257240,41.121400
 -73.277919,41.122370
 -73.297739,41.122210
 -73.318889,41.124030
 -73.339749,41.123420
 -73.357479,41.124570
 -73.381090,41.121290
 -73.401120,41.121800
 -73.420909,41.122030
 -73.439889,41.123000
 -73.459000,41.123400
 -73.478959,41.124360
 -73.499070,41.125090
 -73.518940,41.125580
 -73.537760,41.125800
 -73.556409,41.125210
 -73.575669,41.124850
 -73.595389,41.124420
 -73.614570,41.124040
 -73.633379,41.124010
 -73.653170,41.123630
 -73.672519,41.123930
 -73.691100,41.123900
 -73.710820,41.123790
 -73.720610,41.096830
 -73.700910,41.097760
 -73.681740,41.097810
 -73.663090,41.097670
 -73.644670,41.098220
 -73.626849,41.098590
 -73.607899,41.099130
 -73.589069,41.097730
 -73.569440,41.097530
 -73.551159,41.097830
 -73.532810,41.097610
 -73.514229,41.097850
 -73.494610,41.098440
 -73.474969,41.098560
 -73.455629,41.098110
 -73.436749,41.097940
 -73.417640,41.097490
 -73.398910,41.096910
 -73.381080,41.096270
 -73.355509,41.098310
 -73.335490,41.099240
 -73.317170,41.098640
 -73.341369,41.071510
 -73.362750,41.070600
 -73.389669,41.068350
 -73.409209,41.068970
 -73.427329,41.069640
 -73.444040,41.070520
 -73.463520,41.071210
 -73.482550,41.071480
 -73.501519,41.071780
 -71.987860,41.310200
 -71.969709,41.310150
 -71.951639,41.311270
 -71.755190,41.404900
 -71.773949,41.408470
 -71.794709,41.411590
 -71.814390,41.413670
 -71.836159,41.413580
 -71.857150,41.410230
 -71.877410,41.409870
 -71.894370,41.409950
 -71.913609,41.408850
 -73.028670,41.332000
 -73.005159,41.332530
 -72.985839,41.333400
 -72.967689,41.335030
 -72.948210,41.335840
 -72.929430,41.335870
 -72.910100,41.335300
 -72.888260,41.335210
 -72.868859,41.335650
 -72.847799,41.335970
 -72.828790,41.335980
 -72.809069,41.336350
 -72.788399,41.336830
 -72.767029,41.337490
 -72.745970,41.336840
 -72.725550,41.337250
 -72.702590,41.335480
 -72.681350,41.335630
 -73.520429,41.072000
 -73.541040,41.071690
 -73.562549,41.070980
 -73.582180,41.069940
 -73.601760,41.069450
 -73.620329,41.069180
 -73.639559,41.067490
 -73.658639,41.067600
 -73.677759,41.066680
 -73.696669,41.066910
 -73.715059,41.065980
 -73.701690,41.042270
 -73.685499,41.041930
 -73.665280,41.044670
 -73.646570,41.046140
 -73.626370,41.047030
 -73.606850,41.047130
 -73.585859,41.047800
 -73.565320,41.048040
 -73.545340,41.048610
 -73.526440,41.048650
 -73.505780,41.048360
 -73.487040,41.047630
 -73.467450,41.047580
 -73.447250,41.047880
 -73.428569,41.047520
 -73.408530,41.046910
 -73.389179,41.047320
 -73.479109,41.017000
 -73.497329,41.017350
 -73.516630,41.017740
 -73.534560,41.017750
 -73.552549,41.017920
 -73.571110,41.018090
 -73.590520,41.018760
 -73.610389,41.019470
 -73.631479,41.018710
 -73.569710,41.002710
 -73.550410,41.003300
 -73.531489,41.003490
 -73.629679,41.331660
 -73.609209,41.332810
 -73.589419,41.332630
 -73.569990,41.332500
 -73.549680,41.332120
 -73.533499,41.332160
 -73.514520,41.332620
 -73.496599,41.334070
 -73.477619,41.335050
 -73.458540,41.334840
 -73.442539,41.335270
 -73.424420,41.334250
 -73.406310,41.333760
 -73.386960,41.332870
 -73.367689,41.331520
 -73.348600,41.330690
 -73.327939,41.329690
 -73.308599,41.329260
 -73.288960,41.329050
 -73.270330,41.329740
 -73.252179,41.330570
 -73.233839,41.330870
 -73.216090,41.331540
 -73.196760,41.331620
 -73.178410,41.331910
 -73.159170,41.331080
 -73.140520,41.331220
 -73.121089,41.330920
 -73.102050,41.331570
 -73.084199,41.331400
 -73.065850,41.331750
 -73.047509,41.331800
 -73.558559,41.360420
 -73.577739,41.360680
 -73.627899,41.376010
 -73.611460,41.376600
 -73.593359,41.378190
 -73.574899,41.380050
 -72.656999,41.333400
 -72.637299,41.332600
 -72.615799,41.330000
 -72.594500,41.330700
 -72.574399,41.330600
 -72.552900,41.328900
 -72.533299,41.328600
 -72.490000,41.325700
 -72.469199,41.323300
 -72.441300,41.321300
 -72.425100,41.320700
 -72.404400,41.321400
 -72.382099,41.321900
 -72.360299,41.322200
 -72.674119,41.336130
 -72.654649,41.335950
 -72.634750,41.335600
 -72.613729,41.334820
 -72.592590,41.334960
 -72.571130,41.334680
 -72.549219,41.334720
 -72.528529,41.334600
 -72.507620,41.334310
 -72.486940,41.333340
 -72.466699,41.333040
 -72.445900,41.332320
 -72.425209,41.332600
 -72.403639,41.332370
 -72.382510,41.332220
 -72.362190,41.331260
 -72.341160,41.331540
 -72.317230,41.331620
 -72.295489,41.332260
 -72.273549,41.332410
 -72.251399,41.332630
 -72.229869,41.333570
 -72.344339,41.307000
 -72.321849,41.305510
 -72.302140,41.306320
 -72.282849,41.306400
 -72.264840,41.306400
 -72.245670,41.306080
 -72.226800,41.307430
 -72.206450,41.307420
 -72.187809,41.307170
 -72.168839,41.307470
 -72.149970,41.308180
 -72.129730,41.308390
 -72.209189,41.334920
 -72.190220,41.334750
 -72.170930,41.334330
 -72.151319,41.334470
 -72.132140,41.333650
 -72.111679,41.333620
 -72.090800,41.333660
 -72.071080,41.334260
 -72.042810,41.333090
 -72.024459,41.333320
 -72.005280,41.334100
 -71.986230,41.334500
 -71.967309,41.333700
 -71.948790,41.333780
 -71.928569,41.333430
 -71.908399,41.333650
 -71.888110,41.332670
 -71.868099,41.331430
 -71.848429,41.330400
 -71.829309,41.329940
 -71.809499,41.329210
 -71.790499,41.329520
 -71.766259,41.353920
 -71.784640,41.354390
 -71.805490,41.355130
 -71.825530,41.354570
 -71.844739,41.354410
 -71.863610,41.353990
 -71.882349,41.353150
 -71.901080,41.353080
 -71.920219,41.353380
 -71.935780,41.354210
 -71.953679,41.355010
 -71.973630,41.355670
 -71.990579,41.355780
 -72.005259,41.355980
 -72.025080,41.356670
 -72.049760,41.356130
 -72.071580,41.357270
 -72.091300,41.357390
 -72.110290,41.357100
 -72.127680,41.357270
 -72.148470,41.356350
 -72.166820,41.355880
 -72.186960,41.355820
 -72.207430,41.355520
 -72.227569,41.356170
 -72.248140,41.355870
 -72.266059,41.356580
 -72.286420,41.356990
 -72.305930,41.356340
 -72.325979,41.355300
 -72.346099,41.357080
 -72.365530,41.357050
 -72.384250,41.357210
 -72.403030,41.357070
 -72.421170,41.357070
 -72.440339,41.357370
 -72.460159,41.357180
 -72.478489,41.356790
 -72.500059,41.356740
 -72.520980,41.356590
 -72.541970,41.356380
 -72.561990,41.356220
 -72.581289,41.355470
 -72.602859,41.354860
 -72.623130,41.354300
 -72.641660,41.354710
 -72.660239,41.356390
 -72.677879,41.357920
 -72.697689,41.357440
 -72.718699,41.359630
 -72.740080,41.359810
 -72.760509,41.360290
 -72.780790,41.360640
 -72.800360,41.359740
 -72.818680,41.359380
 -72.837380,41.358890
 -72.856710,41.357930
 -72.879030,41.356660
 -72.896870,41.356340
 -72.914240,41.356790
 -72.931999,41.356290
 -72.949609,41.357270
 -72.968550,41.356820
 -72.989140,41.356600
 -73.008950,41.356320
 -73.031849,41.356660
 -73.050099,41.356690
 -73.068749,41.357090
 -73.087600,41.356660
 -73.106449,41.356380
 -73.126789,41.356690
 -73.145640,41.357820
 -73.165289,41.358270
 -73.185229,41.357820
 -73.206350,41.356770
 -73.227869,41.355710
 -73.246019,41.354960
 -73.267450,41.354720
 -73.288089,41.355070
 -73.308130,41.355120
 -73.328259,41.354350
 -73.349700,41.354140
 -73.368969,41.355300
 -73.388069,41.356460
 -73.407860,41.356740
 -73.426420,41.357160
 -73.370060,41.405330
 -73.389169,41.406150
 -73.408020,41.407430
 -73.428520,41.407050
 -73.447799,41.406930
 -73.468480,41.406540
 -73.488279,41.406750
 -73.507549,41.406420
 -73.528409,41.406020
 -73.547599,41.406090
 -73.566519,41.405750
 -73.585519,41.405150
 -73.446560,41.357370
 -73.464600,41.357990
 -73.482460,41.359070
 -73.501900,41.359410
 -73.519330,41.360220
 -73.540350,41.360540
 -73.556170,41.380580
 -73.536910,41.381570
 -73.517030,41.381970
 -73.498739,41.382820
 -73.480640,41.384600
 -73.462170,41.385640
 -73.442280,41.384900
 -73.420109,41.384830
 -73.401009,41.384210
 -73.381910,41.383460
 -73.362899,41.382970
 -73.345560,41.382200
 -73.328210,41.381780
 -73.310050,41.381950
 -73.287810,41.381910
 -73.265480,41.382080
 -73.245930,41.381650
 -73.226980,41.381950
 -73.207330,41.382630
 -73.187679,41.383080
 -73.167629,41.383150
 -73.148780,41.383300
 -73.130120,41.383430
 -73.109270,41.382830
 -73.090519,41.382740
 -73.070269,41.382870
 -73.050319,41.383370
 -73.029779,41.383420
 -73.007719,41.382680
 -72.987510,41.382130
 -72.966830,41.383180
 -72.947569,41.384220
 -72.928229,41.384600
 -72.907160,41.385880
 -72.887190,41.386560
 -72.866509,41.386050
 -72.845749,41.386890
 -72.825779,41.387740
 -72.804710,41.389110
 -72.784889,41.389360
 -72.765310,41.388000
 -72.743140,41.387640
 -72.724030,41.386750
 -72.699470,41.383580
 -72.682290,41.383570
 -72.664379,41.384080
 -72.644350,41.383310
 -72.625760,41.382700
 -72.607280,41.382680
 -72.587360,41.383410
 -72.566209,41.382540
 -72.544279,41.382750
 -72.524140,41.382800
 -72.504760,41.383850
 -72.484619,41.383970
 -72.465030,41.384260
 -72.445990,41.384130
 -72.426180,41.384070
 -72.407589,41.383680
 -72.387339,41.383370
 -72.368860,41.383390
 -72.349159,41.382570
 -72.328779,41.380720
 -72.308950,41.380480
 -72.289110,41.380960
 -72.267459,41.381590
 -72.248159,41.381670
 -72.228629,41.382380
 -72.208589,41.382290
 -72.189379,41.383400
 -72.169539,41.383700
 -72.150539,41.384160
 -72.130379,41.384610
 -72.110650,41.385380
 -72.091340,41.384710
 -72.072030,41.385400
 -72.045979,41.384510
 -72.026619,41.384240
 -72.007139,41.383280
 -71.989780,41.382860
 -71.971660,41.382840
 -71.952170,41.382450
 -71.934399,41.382530
 -72.715739,41.312490
 -72.693960,41.310680
 -72.673960,41.311260
 -72.655059,41.310270
 -72.635389,41.310000
 -72.616360,41.308670
 -72.596230,41.307910
 -72.576620,41.307100
 -72.556820,41.306970
 -72.536889,41.306590
 -72.516889,41.306070
 -72.497080,41.306660
 -72.477530,41.307300
 -72.458370,41.307640
 -72.439279,41.307540
 -72.420510,41.307980
 -72.401669,41.308510
 -72.382389,41.307960
 -72.363490,41.307360
 -72.110760,41.308760
 -72.091370,41.309130
 -72.071970,41.309660
 -72.041679,41.310130
 -72.024810,41.309890
 -72.005100,41.310250
 -71.932970,41.408420
 -71.953860,41.407580
 -71.970799,41.408890
 -71.990870,41.406960
 -72.010160,41.407960
 -72.030199,41.408500
 -72.094869,41.435070
 -72.073630,41.435180
 -72.048040,41.434610
 -72.027370,41.434590
 -72.005660,41.434500
 -71.985820,41.434220
 -71.965760,41.433930
 -71.945220,41.434300
 -71.924610,41.434670
 -71.904119,41.435870
 -71.882340,41.436640
 -71.860140,41.436980
 -71.839000,41.435990
 -71.817779,41.435510
 -71.796979,41.434920
 -71.775280,41.434020
 -71.753110,41.433160
 -73.548229,41.698870
 -73.532470,41.696160
 -73.515680,41.693940
 -73.502530,41.695700
 -73.482500,41.695300
 -73.466850,41.695150
 -73.445249,41.697860
 -73.426569,41.697790
 -73.405500,41.697610
 -73.387140,41.697900
 -73.366630,41.698010
 -73.347080,41.698530
 -73.328560,41.697910
 -73.311619,41.695620
 -73.291110,41.694790
 -73.271940,41.695370
 -73.251119,41.696460
 -73.233679,41.695600
 -73.212269,41.695440
 -73.192429,41.695210
 -73.170679,41.694850
 -73.150339,41.692750
 -73.129169,41.691580
 -73.108340,41.691520
 -73.087839,41.691830
 -72.049080,41.408980
 -72.077080,41.410200
 -72.096610,41.409590
 -72.119750,41.409160
 -72.139800,41.409590
 -72.160710,41.409620
 -72.181510,41.409960
 -72.202420,41.409350
 -72.223009,41.409040
 -72.245189,41.408260
 -72.267170,41.407560
 -72.287330,41.407080
 -72.306010,41.406840
 -72.325430,41.406190
 -72.345890,41.408130
 -72.364599,41.408190
 -72.384749,41.408430
 -72.404009,41.408820
 -72.422379,41.409540
 -72.442310,41.410270
 -72.459670,41.411070
 -72.478379,41.411540
 -72.499650,41.410750
 -72.518910,41.411200
 -72.538399,41.411070
 -72.558560,41.411450
 -72.580160,41.411140
 -72.598870,41.411420
 -72.618579,41.410610
 -72.637959,41.408870
 -72.659219,41.409470
 -72.676369,41.409070
 -72.696380,41.409580
 -72.718829,41.412390
 -72.738100,41.411980
 -72.757220,41.411860
 -72.778380,41.411270
 -72.796779,41.409780
 -72.816450,41.409710
 -72.833990,41.410000
 -72.853340,41.409450
 -72.872850,41.410080
 -72.893769,41.409700
 -72.913669,41.409850
 -72.933959,41.409940
 -72.952289,41.410560
 -72.972590,41.410700
 -72.992729,41.411190
 -73.013649,41.411680
 -73.035459,41.411740
 -73.053319,41.409150
 -73.072680,41.408650
 -73.092530,41.407700
 -73.110209,41.408240
 -73.129370,41.408480
 -73.149529,41.408780
 -73.169879,41.408930
 -73.190639,41.409310
 -73.211990,41.410120
 -73.230849,41.409520
 -73.251210,41.409660
 -73.271449,41.408290
 -73.291100,41.407460
 -73.312039,41.406460
 -73.329909,41.403610
 -73.350949,41.404230
 -73.646230,41.435910
 -73.625370,41.436070
 -73.606010,41.437210
 -73.588580,41.437470
 -73.571050,41.437590
 -73.553000,41.437720
 -73.533630,41.437330
 -73.513729,41.437660
 -73.493649,41.437790
 -73.474189,41.437520
 -73.455000,41.437840
 -73.435789,41.436690
 -73.418080,41.436140
 -73.398080,41.435060
 -73.379509,41.435360
 -73.360650,41.434600
 -73.341630,41.433840
 -73.327200,41.435980
 -73.307639,41.437580
 -73.289080,41.438790
 -73.270610,41.439690
 -73.252829,41.439700
 -73.234650,41.440000
 -73.216960,41.438500
 -73.197789,41.438210
 -73.179509,41.437900
 -73.160529,41.437600
 -73.141950,41.436620
 -73.123370,41.436010
 -73.104899,41.435540
 -73.086020,41.435520
 -73.067349,41.434450
 -73.049760,41.434200
 -73.031580,41.433800
 -73.013559,41.434010
 -72.996039,41.434310
 -72.979279,41.435320
 -72.958569,41.435670
 -72.938029,41.437570
 -72.917499,41.438180
 -72.895249,41.438480
 -72.873880,41.438770
 -72.851989,41.439500
 -72.831389,41.439960
 -72.811679,41.440150
 -72.791370,41.439760
 -72.771229,41.439400
 -72.752000,41.435500
 -72.730600,41.436000
 -72.709300,41.435200
 -72.688399,41.434600
 -72.667899,41.433700
 -72.646100,41.434200
 -72.625900,41.433600
 -72.604900,41.433800
 -72.582900,41.435000
 -72.560100,41.435900
 -72.538200,41.435700
 -72.517299,41.435500
 -72.494400,41.438200
 -72.475270,41.435590
 -72.453999,41.435370
 -72.432720,41.435810
 -72.410209,41.436250
 -72.390829,41.435940
 -72.368999,41.435790
 -72.347169,41.435380
 -72.325249,41.433590
 -72.303589,41.434390
 -72.282990,41.434710
 -72.264099,41.434230
 -72.242540,41.435500
 -72.812509,41.534540
 -72.829260,41.535380
 -72.842279,41.534980
 -72.860680,41.535820
 -72.881659,41.535560
 -72.901299,41.536320
 -72.919699,41.536830
 -72.937900,41.536880
 -72.957850,41.537160
 -72.976969,41.536740
 -72.996710,41.535920
 -73.012299,41.537200
 -73.032699,41.538000
 -73.052999,41.537400
 -73.075399,41.538000
 -73.094000,41.539000
 -73.114499,41.539300
 -73.136099,41.539800
 -73.153600,41.539800
 -73.175000,41.539500
 -73.196799,41.539400
 -73.219599,41.537700
 -73.243400,41.538400
 -73.265900,41.538200
 -72.221100,41.435000
 -72.199539,41.435860
 -72.177570,41.435430
 -72.157399,41.435410
 -72.137550,41.435220
 -72.116100,41.434950
 -73.068420,41.692070
 -73.048999,41.692060
 -73.029000,41.692110
 -73.018260,41.697020
 -72.998359,41.697530
 -72.973699,41.697820
 -72.952140,41.697080
 -72.930790,41.695800
 -72.910069,41.695590
 -72.889449,41.695000
 -72.868519,41.695410
 -72.847589,41.695510
 -72.825520,41.696460
 -72.805210,41.696240
 -72.784380,41.696480
 -72.766140,41.695780
 -72.746039,41.694850
 -72.724900,41.692360
 -73.138999,41.667400
 -73.158099,41.667400
 -73.177700,41.666900
 -73.198599,41.666600
 -73.220200,41.667500
 -71.755020,41.537530
 -71.777280,41.539500
 -72.461799,41.564300
 -72.443400,41.565300
 -72.423700,41.564900
 -72.403400,41.565300
 -72.383699,41.565600
 -72.356750,41.568540
 -72.337739,41.569020
 -72.318229,41.568890
 -72.298089,41.567130
 -72.280110,41.565210
 -72.258579,41.564960
 -72.237839,41.565740
 -72.218039,41.566630
 -72.197810,41.566860
 -72.175979,41.567510
 -72.157129,41.567200
 -72.138269,41.567040
 -72.118850,41.565690
 -72.219590,41.695230
 -72.198809,41.695350
 -72.179570,41.693140
 -72.158940,41.692820
 -72.138749,41.692500
 -72.121650,41.693920
 -72.100660,41.694240
 -72.081969,41.695110
 -72.057820,41.695260
 -72.039449,41.693530
 -72.021640,41.694030
 -72.002349,41.694190
 -71.986779,41.694590
 -71.965840,41.695400
 -71.947970,41.695380
 -71.926879,41.696460
 -71.907290,41.696820
 -71.889490,41.696860
 -71.870870,41.696890
 -71.852170,41.696860
 -71.832960,41.696590
 -71.811290,41.696640
 -71.789269,41.694950
 -71.767080,41.694380
 -71.745499,41.693580
 -73.601000,41.742280
 -73.581930,41.743610
 -73.562779,41.745250
 -73.543299,41.746580
 -73.525179,41.747240
 -73.507139,41.748680
 -73.483030,41.749190
 -73.462569,41.748780
 -73.445009,41.749480
 -73.424639,41.749900
 -73.401879,41.750690
 -72.100280,41.565210
 -72.081859,41.565270
 -72.058269,41.564670
 -72.043240,41.563580
 -72.025459,41.564520
 -72.006140,41.565860
 -72.701579,41.693530
 -72.680609,41.692900
 -72.660699,41.692940
 -72.643270,41.692190
 -72.622980,41.692680
 -72.603739,41.691470
 -72.583900,41.691950
 -72.563310,41.691750
 -72.542200,41.691490
 -72.520630,41.691560
 -72.499510,41.692530
 -72.474940,41.693880
 -72.453969,41.694450
 -72.431579,41.693880
 -72.411360,41.693830
 -72.391079,41.692640
 -72.375909,41.690470
 -72.356290,41.691270
 -72.339559,41.691870
 -72.320150,41.693690
 -72.301109,41.694110
 -72.280610,41.695660
 -72.260049,41.695620
 -72.239490,41.695370
 -73.380630,41.750450
 -73.360979,41.749900
 -73.338859,41.751270
 -73.322560,41.750280
 -73.306469,41.747620
 -73.288410,41.746460
 -72.305200,41.536500
 -72.322999,41.537400
 -72.341000,41.536200
 -72.358399,41.537300
 -72.374699,41.538100
 -72.390899,41.538900
 -72.411799,41.539200
 -72.432799,41.537600
 -72.454400,41.539300
 -72.472799,41.537300
 -72.494600,41.540600
 -72.514099,41.539500
 -72.533599,41.538400
 -72.553600,41.538400
 -72.575199,41.538700
 -72.592200,41.538100
 -72.610299,41.539000
 -72.623600,41.538200
 -72.639700,41.538500
 -72.659200,41.538200
 -72.681440,41.540530
 -72.701099,41.539550
 -72.713489,41.537580
 -72.735200,41.538120
 -72.753800,41.538280
 -72.775820,41.536880
 -72.796179,41.535400
 -73.279429,41.541890
 -73.296279,41.542030
 -73.316340,41.542310
 -73.335679,41.541140
 -73.354309,41.540500
 -73.374850,41.540270
 -73.394029,41.539870
 -73.413700,41.539640
 -73.433910,41.538860
 -73.598979,41.558220
 -73.576050,41.558690
 -73.564579,41.558350
 -73.547159,41.560090
 -73.527889,41.560640
 -73.510209,41.561000
 -73.270360,41.746710
 -73.249980,41.746300
 -73.231489,41.746630
 -73.212900,41.748610
 -73.191960,41.748030
 -73.168149,41.748200
 -73.149430,41.746780
 -73.128600,41.746600
 -73.109880,41.744920
 -73.089159,41.743570
 -73.069889,41.742960
 -73.049520,41.743350
 -73.026479,41.742410
 -73.017850,41.750380
 -72.994210,41.750200
 -72.972430,41.750630
 -72.948160,41.749740
 -72.925550,41.748610
 -72.903459,41.748490
 -72.884169,41.747120
 -72.864770,41.746520
 -72.845070,41.745290
 -72.822250,41.744450
 -72.800999,41.745320
 -72.783159,41.745020
 -72.763150,41.743160
 -72.747489,41.742150
 -72.726650,41.742610
 -72.704479,41.743710
 -72.686580,41.743590
 -72.667470,41.744760
 -72.655739,41.744080
 -72.641000,41.742320
 -72.620539,41.745900
 -72.603999,41.745820
 -72.587379,41.745800
 -72.568869,41.746560
 -72.550370,41.746870
 -72.531270,41.746670
 -72.513890,41.746910
 -72.494260,41.747380
 -72.473349,41.748680
 -72.449890,41.748120
 -72.429050,41.747950
 -72.409800,41.747610
 -72.392210,41.746940
 -72.373790,41.744120
 -72.360249,41.742510
 -72.334949,41.745080
 -72.316979,41.745390
 -72.299959,41.745270
 -72.277640,41.745340
 -72.258370,41.745640
 -72.240619,41.745300
 -72.222220,41.745650
 -72.202870,41.746420
 -72.183600,41.746060
 -72.163600,41.745910
 -72.143030,41.745420
 -72.125210,41.745430
 -72.110280,41.745680
 -72.091149,41.746220
 -72.073030,41.746550
 -72.051989,41.746070
 -72.032619,41.745120
 -72.014140,41.744950
 -71.996329,41.744440
 -71.978800,41.745610
 -71.963539,41.744500
 -71.946019,41.744160
 -71.925660,41.745460
 -71.905600,41.746660
 -71.885320,41.746900
 -71.868100,41.746830
 -71.845890,41.746540
 -71.827050,41.745890
 -71.805800,41.745830
 -71.785079,41.745990
 -71.767499,41.745400
 -71.747750,41.745060
 -71.756199,41.379110
 -71.774439,41.380560
 -71.792819,41.381180
 -71.812349,41.383720
 -71.834120,41.382860
 -71.855189,41.382980
 -71.871939,41.382430
 -71.889779,41.382830
 -71.905770,41.382840
 -71.923609,41.383130
 -71.943399,41.383500
 -71.963500,41.383500
 -71.982800,41.383900
 -72.003000,41.385200
 -72.021499,41.384500
 -73.065899,41.666900
 -73.085399,41.667200
 -73.102699,41.667800
 -73.122200,41.667300
 -71.801870,41.539550
 -71.824999,41.539110
 -71.849730,41.538680
 -71.873069,41.538700
 -71.895689,41.539610
 -71.918680,41.539830
 -71.938519,41.540120
 -71.958989,41.540900
 -71.979119,41.540870
 -71.999180,41.541370
 -72.018259,41.541600
 -72.039720,41.540580
 -72.060699,41.539000
 -72.084400,41.539700
 -72.107500,41.539200
 -72.130500,41.539200
 -72.153000,41.538900
 -72.174899,41.538500
 -72.196599,41.538800
 -72.217500,41.539100
 -72.239399,41.538900
 -72.261900,41.538000
 -72.283499,41.536500
 -73.487900,41.564700
 -73.467000,41.564100
 -73.447699,41.564100
 -73.430500,41.563900
 -73.410700,41.564000
 -73.392200,41.564800
 -72.482500,41.563700
 -71.988430,41.566890
 -71.971630,41.567300
 -71.954209,41.567390
 -71.935119,41.567050
 -71.916649,41.567080
 -73.357340,41.516140
 -73.336090,41.515830
 -73.312050,41.515660
 -73.294330,41.515310
 -73.277360,41.515200
 -73.259729,41.514530
 -73.242099,41.514170
 -73.225129,41.513870
 -73.207259,41.514940
 -73.190220,41.515690
 -73.172670,41.515690
 -73.153800,41.515760
 -73.136669,41.515700
 -73.119290,41.515880
 -73.101330,41.516370
 -73.085520,41.515860
 -73.069300,41.516280
 -73.051920,41.516450
 -73.035280,41.516300
 -73.018979,41.517150
 -73.000039,41.515020
 -72.978240,41.514830
 -72.959009,41.513860
 -72.941540,41.511710
 -72.919950,41.511050
 -72.895660,41.510070
 -72.872410,41.508550
 -72.851440,41.508720
 -72.830980,41.508270
 -72.813829,41.508050
 -73.537400,41.510500
 -72.194920,41.769010
 -72.178270,41.767720
 -72.158369,41.767620
 -72.138850,41.767370
 -72.119509,41.768790
 -73.377900,41.564100
 -73.358800,41.564700
 -73.340040,41.565700
 -73.324200,41.566980
 -73.303290,41.566400
 -73.284899,41.566670
 -73.266599,41.567190
 -73.057939,41.565140
 -73.039219,41.563880
 -73.020659,41.563490
 -73.004560,41.561300
 -72.986049,41.560330
 -72.969300,41.557400
 -73.091399,41.563000
 -73.078800,41.563200
 -73.059499,41.564200
 -73.040099,41.563300
 -73.022000,41.562900
 -73.004999,41.562800
 -72.986600,41.562300
 -72.969400,41.561900
 -72.950400,41.561500
 -72.932599,41.561600
 -72.913400,41.561500
 -72.896199,41.561400
 -72.876799,41.562500
 -72.852599,41.564100
 -72.821259,41.841830
 -72.801070,41.841710
 -72.779179,41.842990
 -72.758399,41.841920
 -72.738550,41.842610
 -72.717679,41.842930
 -72.690620,41.843490
 -72.672150,41.843090
 -72.650609,41.842740
 -72.628019,41.842460
 -72.609630,41.841980
 -72.590199,41.841960
 -72.569180,41.841140
 -72.550890,41.840320
 -72.529610,41.842440
 -72.510510,41.843520
 -72.488970,41.844850
 -72.467340,41.844800
 -72.448080,41.844950
 -72.425670,41.843510
 -72.404819,41.845810
 -72.382840,41.846460
 -72.363089,41.845610
 -72.341809,41.845220
 -72.320430,41.845690
 -72.303719,41.845700
 -72.282640,41.847790
 -72.263349,41.846780
 -72.243619,41.847320
 -72.222750,41.848470
 -72.202720,41.848840
 -72.182370,41.849360
 -72.162030,41.849570
 -72.143559,41.849550
 -72.122259,41.852000
 -72.103899,41.850350
 -72.085130,41.849310
 -72.065300,41.849740
 -72.044249,41.848600
 -72.023360,41.848070
 -72.001860,41.847590
 -71.982120,41.847230
 -71.964590,41.847860
 -71.947899,41.848150
 -71.925939,41.847590
 -71.906819,41.846140
 -71.887770,41.845770
 -71.868489,41.845330
 -72.826300,41.565500
 -72.799100,41.564200
 -72.772100,41.564600
 -72.743100,41.564700
 -72.715600,41.563400
 -72.685600,41.562600
 -72.668999,41.562400
 -72.651900,41.562600
 -72.633700,41.562800
 -72.611600,41.562600
 -72.589099,41.562700
 -72.565700,41.562300
 -72.542300,41.562300
 -72.520600,41.562600
 -72.501799,41.563700
 -71.898190,41.566680
 -71.880849,41.565870
 -71.862470,41.565050
 -71.844509,41.563860
 -71.826039,41.563770
 -71.803950,41.564110
 -71.779900,41.564700
 -71.761299,41.564690
 -71.740049,41.564510
 -72.816719,41.462980
 -72.794220,41.463340
 -72.774620,41.463480
 -72.759209,41.463840
 -72.742919,41.463530
 -72.726330,41.463750
 -72.705839,41.462310
 -72.687120,41.462270
 -72.668730,41.463970
 -72.652569,41.463540
 -72.634410,41.463350
 -72.618699,41.461910
 -72.598530,41.461890
 -72.581369,41.461190
 -72.559519,41.461830
 -72.538240,41.462210
 -72.520179,41.462180
 -72.502019,41.461130
 -72.483860,41.460340
 -72.467040,41.459290
 -72.448989,41.457570
 -72.431279,41.456430
 -72.418130,41.456060
 -72.398739,41.456340
 -72.379240,41.456610
 -72.361969,41.456970
 -72.341460,41.457740
 -72.322230,41.457310
 -72.305299,41.457660
 -72.284949,41.458200
 -72.264230,41.459320
 -72.244359,41.461070
 -72.225669,41.460910
 -72.208579,41.459870
 -72.189249,41.459380
 -72.171620,41.459210
 -72.151449,41.459020
 -72.132110,41.459720
 -72.112779,41.459700
 -72.092930,41.459340
 -72.074229,41.459950
 -72.050260,41.458820
 -72.031499,41.458600
 -72.013699,41.458750
 -71.996380,41.459200
 -71.978440,41.459650
 -71.958990,41.460090
 -71.939740,41.460630
 -71.920290,41.460800
 -71.901529,41.460820
 -71.881809,41.460980
 -71.862430,41.460570
 -71.844850,41.459970
 -71.826770,41.460600
 -71.810130,41.461290
 -71.789489,41.462780
 -71.768380,41.463370
 -71.746810,41.463290
 -73.092500,41.847970
 -73.073520,41.844820
 -73.055850,41.845650
 -73.037199,41.843610
 -73.021199,41.844320
 -73.003219,41.844110
 -72.980990,41.843140
 -72.960550,41.844320
 -72.938749,41.843790
 -72.922879,41.844010
 -72.899979,41.843090
 -72.882250,41.843490
 -72.861459,41.841540
 -72.841870,41.841180
 -71.850650,41.846110
 -71.832900,41.845060
 -71.814069,41.845310
 -71.791310,41.847470
 -71.774700,41.847440
 -72.545939,41.769110
 -72.527429,41.769080
 -72.509750,41.769270
 -72.488600,41.770290
 -72.465199,41.771810
 -72.198579,41.486660
 -72.218239,41.486520
 -72.239480,41.487170
 -72.259250,41.486780
 -72.279120,41.485660
 -72.301439,41.484400
 -72.318970,41.484380
 -72.338390,41.484220
 -72.357779,41.485710
 -72.378739,41.485030
 -72.396799,41.485420
 -72.416759,41.485310
 -72.435370,41.487120
 -72.451649,41.486160
 -72.470599,41.486880
 -72.489439,41.487340
 -72.510500,41.488230
 -72.530680,41.487600
 -72.552979,41.487550
 -72.573719,41.486920
 -72.591439,41.487700
 -72.612400,41.488310
 -72.632690,41.488170
 -72.650309,41.487430
 -72.666920,41.486770
 -72.685259,41.484460
 -72.707000,41.484500
 -72.728299,41.483500
 -72.749899,41.482700
 -72.772199,41.483600
 -72.794799,41.485100
 -72.817400,41.487300
 -72.839500,41.487300
 -72.862300,41.486200
 -72.883400,41.485100
 -72.905000,41.484200
 -72.926100,41.482700
 -72.946399,41.482000
 -72.967999,41.482300
 -72.990100,41.484600
 -73.012500,41.484900
 -73.035299,41.487000
 -73.056900,41.486800
 -73.079499,41.487400
 -73.102500,41.487800
 -73.125200,41.486600
 -73.148999,41.485900
 -73.168900,41.486400
 -73.186099,41.483900
 -73.205199,41.483100
 -73.224350,41.484590
 -73.241649,41.485190
 -73.258460,41.486320
 -73.276059,41.487730
 -73.291969,41.487810
 -73.310850,41.486820
 -73.328839,41.486730
 -73.340320,41.484140
 -73.356369,41.485310
 -73.373289,41.485560
 -73.392070,41.486450
 -73.410929,41.486140
 -73.412019,41.515300
 -73.395379,41.515450
 -73.378350,41.515730
 -71.987429,41.772510
 -71.967180,41.769980
 -71.948150,41.770850
 -71.924530,41.770070
 -71.904529,41.771100
 -71.883869,41.771620
 -71.860639,41.769260
 -71.838239,41.771380
 -71.814299,41.771630
 -71.791930,41.771450
 -71.767940,41.770630
 -71.745160,41.767980
 -71.724890,41.767470
 -71.752949,41.796960
 -71.774189,41.796080
 -71.794620,41.796420
 -71.815740,41.795700
 -71.836639,41.795090
 -72.793369,41.508990
 -72.772609,41.510160
 -72.751839,41.510480
 -72.730140,41.511330
 -72.712880,41.512260
 -72.699810,41.513860
 -72.680919,41.512790
 -72.468509,41.515990
 -72.450170,41.515700
 -72.433570,41.515330
 -72.413809,41.514860
 -72.395470,41.513660
 -72.376420,41.514890
 -72.359450,41.515000
 -72.340830,41.515090
 -72.325289,41.510050
 -72.306470,41.510460
 -72.288930,41.511030
 -72.269690,41.510710
 -72.252049,41.510480
 -72.235150,41.510240
 -72.215800,41.511270
 -72.196240,41.511500
 -72.174009,41.513150
 -72.155940,41.513610
 -72.137220,41.514790
 -72.121480,41.515350
 -72.140399,41.820820
 -72.118930,41.820630
 -72.098490,41.821060
 -72.077619,41.823040
 -72.056480,41.821380
 -72.036299,41.820460
 -72.017099,41.820220
 -71.996549,41.817630
 -71.975290,41.816910
 -71.954189,41.815740
 -71.931510,41.818220
 -71.909529,41.820630
 -71.890170,41.821060
 -71.871730,41.820870
 -71.851550,41.819850
 -71.828600,41.819440
 -71.803510,41.819640
 -71.782020,41.819000
 -71.763770,41.821310
 -73.484190,41.847570
 -73.463669,41.848170
 -73.445620,41.849050
 -73.426770,41.850100
 -73.409970,41.849430
 -73.391700,41.851080
 -73.372429,41.851310
 -73.354440,41.852050
 -73.336199,41.851540
 -73.317810,41.847770
 -73.299239,41.848920
 -73.282089,41.848710
 -73.265719,41.848980
 -73.246049,41.851840
 -73.227320,41.848710
 -73.206410,41.849910
 -73.187439,41.850570
 -73.169890,41.848930
 -73.150519,41.848030
 -73.133950,41.848180
 -73.113230,41.847720
 -72.443610,41.770690
 -72.420210,41.771520
 -72.399439,41.771910
 -72.379229,41.768880
 -72.361260,41.767900
 -72.340010,41.769460
 -72.319060,41.770790
 -72.299780,41.770390
 -72.277319,41.769760
 -72.256740,41.769940
 -72.235929,41.770610
 -72.213029,41.770400
 -73.048950,41.590920
 -73.028980,41.590720
 -73.012229,41.590020
 -72.988119,41.589680
 -72.965459,41.589650
 -72.940840,41.589070
 -72.920879,41.589650
 -72.899979,41.589440
 -72.230749,41.822430
 -72.210009,41.820940
 -72.188840,41.821690
 -72.167890,41.820970
 -72.149329,41.819780
 -73.633799,41.487700
 -73.618640,41.485950
 -73.602419,41.486070
 -73.584380,41.487530
 -73.565870,41.487730
 -73.545430,41.488270
 -73.525879,41.489260
 -73.507120,41.490120
 -73.486149,41.491050
 -73.468080,41.490500
 -73.448859,41.490090
 -73.568600,41.535890
 -73.550849,41.536490
 -73.531340,41.536750
 -73.512800,41.537170
 -73.492660,41.537420
 -73.472370,41.538630
 -73.453799,41.537610
 -73.451789,41.513270
 -73.471350,41.511410
 -73.494349,41.511810
 -73.516150,41.510770
 -72.103179,41.768480
 -72.085390,41.769250
 -72.064549,41.769980
 -72.045240,41.770650
 -72.026439,41.771480
 -72.006750,41.771860
 -71.859749,41.795710
 -71.877510,41.795010
 -71.893339,41.793740
 -71.912669,41.792930
 -71.931620,41.792950
 -71.950130,41.791740
 -71.967740,41.790910
 -71.983850,41.791410
 -72.001080,41.791470
 -72.016960,41.791520
 -72.033149,41.791280
 -72.050309,41.790940
 -72.064919,41.791420
 -72.085740,41.791820
 -72.102959,41.791120
 -72.120940,41.791010
 -72.139599,41.791030
 -72.157959,41.790980
 -72.176799,41.792600
 -72.195739,41.792910
 -72.214770,41.795310
 -72.235739,41.795910
 -72.254110,41.796140
 -72.274599,41.796230
 -72.297279,41.796300
 -72.315730,41.796700
 -72.334460,41.796770
 -72.357810,41.798160
 -72.371909,41.798690
 -72.390110,41.797830
 -72.407699,41.797040
 -72.427480,41.796500
 -72.447169,41.796560
 -72.466759,41.797390
 -72.487850,41.796530
 -72.505349,41.796700
 -72.528449,41.795500
 -72.548049,41.796320
 -72.570449,41.796420
 -72.590659,41.796120
 -72.610870,41.796670
 -72.631779,41.797940
 -73.122829,41.201940
 -73.103079,41.202780
 -73.084020,41.203180
 -73.065969,41.203400
 -73.046519,41.203120
 -73.026209,41.203080
 -73.030970,41.225180
 -73.051210,41.223680
 -73.071400,41.224680
 -73.091549,41.226030
 -73.111709,41.227380
 -73.131340,41.228250
 -73.152730,41.228340
 -73.170900,41.227180
 -73.192499,41.226940
 -73.211930,41.227960
 -73.229810,41.230160
 -73.249959,41.229920
 -73.269279,41.229600
 -73.287169,41.229160
 -73.305349,41.228630
 -73.324509,41.228680
 -73.343469,41.228070
 -73.363289,41.226640
 -73.380399,41.227170
 -73.400779,41.227280
 -73.422060,41.225890
 -73.439159,41.226070
 -73.454680,41.226830
 -73.472620,41.227350
 -72.650300,41.799100
 -72.671299,41.800100
 -72.694299,41.802000
 -72.715100,41.800900
 -72.737500,41.802200
 -72.757499,41.802000
 -72.778799,41.801500
 -72.799699,41.801900
 -72.822100,41.800200
 -73.299699,41.818800
 -73.282560,41.819470
 -73.270029,41.819860
 -73.251140,41.820580
 -73.235879,41.820400
 -73.216599,41.821500
 -73.199000,41.822010
 -73.176140,41.821510
 -73.159959,41.820020
 -73.141649,41.820950
 -73.124959,41.819940
 -73.106059,41.819850
 -73.088720,41.819470
 -73.068649,41.819770
 -73.051569,41.818990
 -73.030589,41.818560
 -73.015750,41.819160
 -72.992260,41.818890
 -72.973949,41.818740
 -72.952569,41.816240
 -72.935190,41.814810
 -72.916450,41.814390
 -72.895840,41.813470
 -72.880490,41.814380
 -72.862350,41.813820
 -72.844710,41.814730
 -72.824029,41.815820
 -72.804100,41.815640
 -72.782559,41.816480
 -72.761709,41.817110
 -72.741269,41.817750
 -72.722020,41.818000
 -72.697210,41.818290
 -72.679179,41.817100
 -72.658870,41.818070
 -72.638830,41.818050
 -72.618880,41.817770
 -72.596990,41.818660
 -72.576779,41.817320
 -72.555599,41.816700
 -72.538609,41.818890
 -72.516559,41.817340
 -72.495200,41.818930
 -72.467790,41.821560
 -72.444329,41.822610
 -72.422360,41.821960
 -72.400740,41.822420
 -72.384110,41.822830
 -72.366320,41.824510
 -72.344739,41.824830
 -72.321919,41.825360
 -72.301069,41.824740
 -72.278139,41.824500
 -72.254189,41.823390
 -73.598770,41.584250
 -73.579489,41.584810
 -73.562039,41.584390
 -73.543000,41.584700
 -73.522529,41.585920
 -73.501339,41.586300
 -73.480310,41.586790
 -73.461040,41.587870
 -73.441609,41.589130
 -73.421460,41.589660
 -73.400910,41.590140
 -73.381300,41.589770
 -73.362249,41.589520
 -73.341529,41.588850
 -73.319820,41.590390
 -73.299749,41.588440
 -73.280780,41.588460
 -73.257909,41.588630
 -73.237939,41.588530
 -73.217810,41.588670
 -73.198170,41.589190
 -73.180110,41.589320
 -73.160719,41.589270
 -73.142410,41.589210
 -73.123429,41.589140
 -73.104209,41.589450
 -73.083919,41.590510
 -73.066429,41.590560
 -73.558319,41.509640
 -73.579009,41.509670
 -73.598169,41.507980
 -73.707430,41.150440
 -73.689459,41.151730
 -73.491539,41.227630
 -73.509310,41.227840
 -73.527569,41.228870
 -73.544990,41.229440
 -73.563440,41.228680
 -73.644599,41.284830
 -73.628710,41.286280
 -73.610709,41.286480
 -73.591550,41.286230
 -73.572390,41.285570
 -73.551210,41.285320
 -73.531170,41.284530
 -73.512289,41.284530
 -73.493650,41.283590
 -73.475809,41.283110
 -73.457189,41.282960
 -73.440650,41.281470
 -73.423529,41.281770
 -73.405609,41.282270
 -73.386479,41.283900
 -73.595470,41.765590
 -73.576780,41.766080
 -73.558650,41.766810
 -73.543469,41.766800
 -73.528869,41.768690
 -73.510969,41.768690
 -73.488139,41.770210
 -73.465710,41.772270
 -73.447259,41.773220
 -73.428320,41.773510
 -73.410260,41.773320
 -72.030080,41.718420
 -72.049400,41.716810
 -72.072549,41.716320
 -72.091449,41.716540
 -72.111210,41.717310
 -72.126850,41.718040
 -72.146329,41.718250
 -72.165079,41.719220
 -72.183399,41.719090
 -72.205630,41.719740
 -72.226620,41.720760
 -73.671650,41.153190
 -73.653959,41.153500
 -73.636500,41.153530
 -73.619110,41.152920
 -73.598760,41.151760
 -73.576840,41.151400
 -73.556729,41.151380
 -73.535950,41.151520
 -73.515169,41.151720
 -73.495140,41.151620
 -73.474280,41.151810
 -73.452290,41.152690
 -73.431350,41.152130
 -73.406840,41.149760
 -73.382429,41.151340
 -73.360750,41.151730
 -73.340750,41.151820
 -73.319239,41.151700
 -73.299160,41.152400
 -73.281290,41.152110
 -73.262500,41.150970
 -73.242519,41.151440
 -73.221730,41.152520
 -73.201730,41.151000
 -73.179619,41.150780
 -73.157110,41.151700
 -73.135909,41.151550
 -73.112989,41.150780
 -73.094819,41.150990
 -73.040260,41.174040
 -73.057900,41.176580
 -73.076470,41.175540
 -73.094140,41.175410
 -73.113529,41.174970
 -73.132620,41.176050
 -73.152019,41.176290
 -73.173319,41.175750
 -73.193609,41.174230
 -73.212900,41.173920
 -73.231790,41.174680
 -73.252590,41.175050
 -73.272790,41.174660
 -73.292279,41.175180
 -73.311159,41.174860
 -73.330460,41.175220
 -73.350749,41.175190
 -73.369440,41.175390
 -73.384619,41.175390
 -73.404580,41.173710
 -73.423419,41.174750
 -73.442699,41.174860
 -73.460160,41.174520
 -73.479130,41.173720
 -73.497130,41.173550
 -73.515419,41.173540
 -73.535000,41.173460
 -73.556639,41.174000
 -73.577439,41.174990
 -73.596429,41.175650
 -73.615800,41.176940
 -73.636010,41.178100
 -73.654239,41.178580
 -73.672389,41.178950
 -73.561689,41.203790
 -73.543309,41.203970
 -73.523419,41.203650
 -73.503679,41.203900
 -73.484670,41.202530
 -73.465980,41.201740
 -73.444870,41.201300
 -73.426249,41.200100
 -73.407859,41.198320
 -73.390400,41.198810
 -73.373450,41.198720
 -73.357490,41.198780
 -73.336410,41.200060
 -73.315030,41.200610
 -73.296360,41.199670
 -73.277209,41.199250
 -73.255699,41.196200
 -73.431200,41.201400
 -73.412799,41.200600
 -73.391899,41.200300
 -73.371799,41.199600
 -73.351900,41.200000
 -73.333099,41.200400
 -73.315099,41.201500
 -73.297700,41.202800
 -73.278799,41.204200
 -73.258669,41.206000
 -73.240210,41.206580
 -73.221969,41.205320
 -73.201839,41.203560
 -73.180390,41.201640
 -73.162260,41.200710
 -73.142919,41.200530
 -72.246110,41.719980
 -72.266890,41.720180
 -72.289130,41.719510
 -72.311580,41.719920
 -72.334400,41.719030
 -72.354300,41.720510
 -72.368719,41.719800
 -72.387610,41.720730
 -72.401900,41.721000
 -72.420990,41.720380
 -72.441139,41.719990
 -72.462039,41.719990
 -72.483550,41.718800
 -72.506560,41.718010
 -72.525649,41.717480
 -72.544149,41.716950
 -72.562559,41.717770
 -72.581129,41.718190
 -72.599019,41.719120
 -73.390200,41.772590
 -73.371410,41.773390
 -73.350620,41.773650
 -73.333360,41.773660
 -73.323299,41.771670
 -73.301249,41.771530
 -73.285079,41.771770
 -73.267460,41.772100
 -73.248420,41.773010
 -73.229250,41.773920
 -73.209090,41.773590
 -73.188919,41.773750
 -73.167200,41.773000
 -73.151239,41.771480
 -73.130409,41.770560
 -73.111230,41.768710
 -73.090399,41.767950
 -73.070010,41.767340
 -73.049410,41.767400
 -73.028029,41.767530
 -73.021959,41.776460
 -73.000480,41.776240
 -72.980779,41.776110
 -72.960179,41.775880
 -72.938850,41.774640
 -72.918100,41.772240
 -72.898689,41.771500
 -72.880609,41.770360
 -72.861789,41.769220
 -72.840530,41.769350
 -72.817950,41.769090
 -72.798759,41.769980
 -72.778839,41.771040
 -72.757360,41.771760
 -72.734339,41.771430
 -72.715590,41.771590
 -72.690019,41.771900
 -72.667369,41.770500
 -72.648179,41.771390
 -72.627190,41.771310
 -72.611160,41.772080
 -72.590469,41.771210
 -72.566989,41.772750
 -72.549689,41.773120
 -72.624499,41.803000
 -72.645150,41.804900
 -72.667650,41.802880
 -72.686110,41.801260
 -72.711520,41.798270
 -72.731099,41.796500
 -72.752039,41.794660
 -72.771959,41.794970
 -72.792470,41.794400
 -72.815009,41.791030
 -72.835270,41.791080
 -72.855110,41.791500
 -72.876879,41.788440
 -72.894600,41.787970
 -72.913329,41.791060
 -72.933930,41.792040
 -72.957160,41.792510
 -72.982589,41.793540
 -73.003529,41.795140
 -73.026929,41.794900
 -73.041839,41.793410
 -73.060729,41.792100
 -73.079550,41.792390
 -73.097720,41.791610
 -73.114539,41.792190
 -73.133560,41.792130
 -73.151929,41.792550
 -73.172260,41.793790
 -73.195420,41.792580
 -73.214570,41.792070
 -73.236630,41.790910
 -73.255849,41.792240
 -73.275530,41.793070
 -73.294280,41.792260
 -73.312010,41.792610
 -73.327130,41.798780
 -73.346020,41.797480
 -73.367950,41.796510
 -73.387760,41.794940
 -73.407270,41.793160
 -73.629420,41.582640
 -73.617559,41.583330
 -72.881769,41.589770
 -72.863259,41.589870
 -72.843189,41.590280
 -72.824879,41.590450
 -72.807079,41.589760
 -72.785979,41.589380
 -72.766119,41.589380
 -72.747600,41.589770
 -72.728669,41.589770
 -72.710769,41.590000
 -72.696239,41.591060
 -72.678049,41.590520
 -72.659859,41.589990
 -72.639800,41.590140
 -72.619049,41.589600
 -72.597939,41.588610
 -72.576719,41.588750
 -72.554789,41.588890
 -72.533680,41.589820
 -72.513390,41.590040
 -72.494139,41.590790
 -72.475250,41.590740
 -72.454960,41.591310
 -72.435600,41.591340
 -72.416730,41.591970
 -72.397219,41.592550
 -72.376469,41.593190
 -72.356309,41.593390
 -72.337370,41.592560
 -72.318219,41.592490
 -72.298699,41.592800
 -72.279040,41.593260
 -72.259669,41.593070
 -72.238500,41.591900
 -72.221659,41.591820
 -72.202289,41.591730
 -72.182270,41.592010
 -72.164349,41.591810
 -72.143970,41.591600
 -72.123079,41.591000
 -72.103860,41.591000
 -72.088680,41.590750
 -72.064350,41.589870
 -72.044979,41.588660
 -72.024630,41.588740
 -72.007130,41.588580
 -71.989080,41.588720
 -71.971370,41.588970
 -71.953309,41.589260
 -71.935040,41.590130
 -71.916210,41.590880
 -71.897870,41.591380
 -71.879730,41.591340
 -71.860909,41.591930
 -71.841659,41.591380
 -71.822720,41.590400
 -71.804150,41.588900
 -71.784449,41.588290
 -71.765580,41.587410
 -71.747009,41.586080
 -71.728639,41.586470
 -71.739450,41.718530
 -71.762180,41.717950
 -71.777950,41.719810
 -71.796870,41.719630
 -71.817659,41.719360
 -71.838830,41.719130
 -71.857230,41.719000
 -71.877859,41.719380
 -71.896999,41.720250
 -71.917779,41.720460
 -71.940360,41.720620
 -71.958220,41.721800
 -71.976179,41.721760
 -71.995629,41.721330
 -72.011650,41.720870
 -72.615710,41.720380
 -72.632240,41.722090
 -73.515320,41.876430
 -73.497949,41.877100
 -73.477110,41.875600
 -73.457019,41.874060
 -73.438030,41.873310
 -73.419729,41.873460
 -73.400530,41.874390
 -73.382300,41.875090
 -73.363720,41.875960
 -73.344509,41.875720
 -73.325869,41.875600
 -73.305230,41.873230
 -73.285609,41.873760
 -73.266700,41.873990
 -73.247850,41.874170
 -73.229590,41.874300
 -73.209429,41.873310
 -73.188689,41.872470
 -73.168800,41.872110
 -73.149570,41.872130
 -73.128970,41.872730
 -73.108819,41.873280
 -73.086070,41.872960
 -73.065219,41.874620
 -73.047279,41.874430
 -73.026739,41.874140
 -73.010209,41.874230
 -72.985429,41.874470
 -72.964460,41.873310
 -72.946979,41.872960
 -72.927460,41.873370
 -72.902849,41.873470
 -72.883329,41.872160
 -72.859230,41.873390
 -72.839199,41.873720
 -72.819510,41.873740
 -72.797780,41.873430
 -72.776740,41.873500
 -72.755100,41.874330
 -72.734470,41.873820
 -72.713850,41.874010
 -72.692039,41.875470
 -72.670080,41.873890
 -72.650340,41.873440
 -72.629090,41.873510
 -72.609469,41.872440
 -72.588320,41.873190
 -72.567879,41.873160
 -72.547800,41.872430
 -72.525840,41.873000
 -72.504349,41.872610
 -72.483440,41.872130
 -72.463469,41.871820
 -72.443149,41.871420
 -72.422239,41.871530
 -72.400639,41.871380
 -72.381600,41.870890
 -72.360540,41.871210
 -72.341650,41.871300
 -72.322439,41.871300
 -72.299590,41.872300
 -72.281010,41.872850
 -72.263040,41.873090
 -72.241550,41.873540
 -72.220050,41.873910
 -72.198980,41.874040
 -72.178309,41.874790
 -72.157730,41.877020
 -72.137579,41.878310
 -72.487400,41.949700
 -72.504700,41.951300
 -72.527900,41.949000
 -72.549309,41.949870
 -72.569309,41.949290
 -72.588130,41.948880
 -72.608009,41.948820
 -72.626140,41.949450
 -72.646480,41.950780
 -72.665889,41.952370
 -72.684600,41.954470
 -72.707090,41.953420
 -72.727570,41.953610
 -72.747450,41.954310
 -72.766740,41.953680
 -72.788319,41.951010
 -72.807019,41.949220
 -72.826900,41.948320
 -72.845250,41.947490
 -72.865380,41.947210
 -72.885519,41.946620
 -72.904210,41.947300
 -72.922059,41.949680
 -72.943650,41.950920
 -72.116379,41.880140
 -72.097689,41.880260
 -72.077539,41.880230
 -72.058130,41.879340
 -72.036140,41.876250
 -72.014320,41.875710
 -71.994650,41.875590
 -71.976880,41.875980
 -71.954669,41.876460
 -71.932539,41.875910
 -71.910419,41.875520
 -71.893660,41.874650
 -71.872279,41.876380
 -71.853740,41.876750
 -71.835889,41.877240
 -71.812980,41.878490
 -71.793680,41.878560
 -71.772009,41.878900
 -71.779560,41.906430
 -71.796740,41.904570
 -71.817230,41.902390
 -71.835859,41.901050
 -71.855720,41.899770
 -71.876270,41.898440
 -71.897169,41.899170
 -71.917289,41.900690
 -71.939210,41.900050
 -71.960130,41.899450
 -71.981570,41.899530
 -71.996439,41.899000
 -72.016289,41.898040
 -72.037709,41.899950
 -72.058469,41.900130
 -72.078449,41.902660
 -72.097850,41.904630
 -72.118009,41.904120
 -72.134529,41.903670
 -72.151779,41.903530
 -72.170689,41.902920
 -72.190949,41.901700
 -72.212670,41.900720
 -72.230419,41.901810
 -72.252640,41.902610
 -72.272379,41.902070
 -72.290040,41.902060
 -72.310189,41.901990
 -72.330129,41.901980
 -72.350090,41.900420
 -72.368699,41.899910
 -72.388689,41.899020
 -72.407269,41.898460
 -72.427360,41.898430
 -72.448749,41.897710
 -72.468960,41.897760
 -72.488359,41.898070
 -72.507989,41.897850
 -72.528080,41.898410
 -72.548529,41.898360
 -72.569220,41.897870
 -72.587910,41.897990
 -72.606369,41.897570
 -72.626349,41.898640
 -72.647379,41.898140
 -72.666189,41.898680
 -72.687689,41.899390
 -72.710019,41.898300
 -72.731829,41.898560
 -72.752299,41.898810
 -72.772499,41.898490
 -72.793470,41.898040
 -72.813080,41.897720
 -72.832610,41.897640
 -72.852050,41.897560
 -72.871829,41.897860
 -72.891530,41.898470
 -72.910290,41.897880
 -72.929820,41.897090
 -72.948499,41.897120
 -72.968109,41.897020
 -72.986790,41.898760
 -73.009889,41.900040
 -73.028270,41.897690
 -73.046150,41.897940
 -73.063640,41.897560
 -73.081850,41.898280
 -73.100380,41.898520
 -73.119559,41.898120
 -73.141340,41.899120
 -73.161110,41.898760
 -73.178670,41.900200
 -73.200130,41.900310
 -73.216389,41.900540
 -73.234659,41.900120
 -73.256170,41.899450
 -73.273280,41.899910
 -73.293949,41.899570
 -73.313710,41.899040
 -73.332179,41.901970
 -73.349510,41.901710
 -72.132269,42.009270
 -72.151739,42.008510
 -72.172559,42.006910
 -72.190470,42.004910
 -72.210039,42.003450
 -72.229089,42.002910
 -72.247610,42.002530
 -72.265279,42.003770
 -72.284110,42.004540
 -72.301879,42.006320
 -72.282439,41.947890
 -72.300620,41.948590
 -72.319199,41.951300
 -72.339299,41.951400
 -72.358400,41.951600
 -72.375400,41.951800
 -72.389600,41.950600
 -72.411399,41.949400
 -72.427991,41.949822
 -72.448299,41.949000
 -72.467900,41.948900
 -72.964460,41.950440
 -72.983839,41.951600
 -73.005499,41.949970
 -73.023850,41.948470
 -73.036359,41.947370
 -73.056269,41.946980
 -73.076109,41.947360
 -72.321230,42.007170
 -72.341309,42.007400
 -73.370050,41.901650
 -73.391049,41.901100
 -73.410609,41.901040
 -73.431199,41.899890
 -73.448929,41.900600
 -73.466600,41.900570
 -73.490299,41.900120
 -73.506819,41.900400
 -73.525519,41.900020
 -73.519849,41.929720
 -73.501670,41.930870
 -73.482659,41.930220
 -73.463809,41.928410
 -73.445539,41.926720
 -73.425940,41.929280
 -73.409310,41.930580
 -73.388299,41.931170
 -73.367119,41.931620
 -73.349189,41.928930
 -73.332840,41.929790
 -73.307200,41.928260
 -73.283720,41.927890
 -73.265320,41.928800
 -73.245080,41.928500
 -73.225430,41.927990
 -73.204880,41.927980
 -73.184969,41.928250
 -73.165589,41.927980
 -73.144120,41.927720
 -73.125640,41.927100
 -73.104169,41.926290
 -73.083939,41.925530
 -73.064559,41.925680
 -73.047310,41.924660
 -73.028579,41.923730
 -73.013140,41.925790
 -72.990880,41.925200
 -72.971849,41.925050
 -72.953250,41.924890
 -72.931679,41.925250
 -72.912060,41.926100
 -72.890660,41.926890
 -72.869430,41.927360
 -72.848789,41.927000
 -72.827209,41.927390
 -72.805980,41.927090
 -72.785680,41.926530
 -72.764949,41.926340
 -72.744140,41.926970
 -72.724009,41.926910
 -72.699119,41.929510
 -72.677729,41.928980
 -72.657269,41.928090
 -72.635999,41.927370
 -72.615079,41.926300
 -72.594389,41.926280
 -72.574870,41.925640
 -72.555110,41.924910
 -72.534539,41.924090
 -72.514199,41.924570
 -72.493039,41.924700
 -72.472470,41.924300
 -72.452950,41.924600
 -72.434239,41.925520
 -72.414250,41.926510
 -72.390749,41.927050
 -72.367480,41.927580
 -72.344100,41.926790
 -72.322690,41.927490
 -72.302529,41.928110
 -72.283199,41.928500
 -72.264180,41.929270
 -72.243810,41.929570
 -72.221879,41.929550
 -72.206209,41.927770
 -72.187620,41.926210
 -72.169539,41.926740
 -72.146749,41.930040
 -72.127619,41.930870
 -72.108390,41.931310
 -72.088220,41.932050
 -72.068070,41.931850
 -72.049339,41.930180
 -72.029270,41.929480
 -72.009950,41.929760
 -71.990249,41.930210
 -71.970629,41.930360
 -71.950550,41.930680
 -71.928780,41.931050
 -71.908700,41.931470
 -71.887239,41.931370
 -71.867000,41.931960
 -71.847990,41.931880
 -71.827450,41.931940
 -71.808219,41.931840
 -71.787680,41.932130
 -71.768290,41.931860
 -71.763029,41.954990
 -71.782819,41.954350
 -71.801759,41.954450
 -71.821219,41.955300
 -71.840389,41.954820
 -71.858869,41.954850
 -71.877260,41.954930
 -71.895899,41.954730
 -71.916449,41.954360
 -71.935470,41.953700
 -71.955100,41.953260
 -71.974270,41.952650
 -71.994510,41.952610
 -72.014669,41.952570
 -72.264449,41.947820
 -73.097200,41.948220
 -73.115350,41.948210
 -73.135020,41.949800
 -73.155249,41.949780
 -73.174520,41.950730
 -73.193079,41.952270
 -73.212930,41.953210
 -73.232909,41.953220
 -73.252039,41.953290
 -73.271819,41.953010
 -73.290230,41.952580
 -73.313340,41.953150
 -73.331340,41.954400
 -73.350170,41.953960
 -73.366070,41.953490
 -73.388160,41.952130
 -73.408700,41.950470
 -73.426459,41.951270
 -73.442829,41.951940
 -73.459310,41.952440
 -73.477000,41.952630
 -73.493890,41.953000
 -73.511570,41.952620
 -73.512070,41.980180
 -73.493399,41.980560
 -73.475419,41.980590
 -73.456759,41.980960
 -73.440539,41.980030
 -73.423950,41.980520
 -73.407230,41.980400
 -73.389700,41.979940
 -73.371199,41.979820
 -73.352140,41.980740
 -73.334900,41.979970
 -73.314690,41.980540
 -73.295740,41.980200
 -73.274899,41.980100
 -73.256609,41.979690
 -73.239300,41.980690
 -73.220549,41.981500
 -73.202719,41.982490
 -73.184499,41.983050
 -73.163800,41.983900
 -73.143160,41.984410
 -73.123050,41.984960
 -73.100969,41.983140
 -73.081170,41.981690
 -73.062869,41.980090
 -73.045740,41.979360
 -73.027900,41.978910
 -73.013950,41.978880
 -72.993130,41.981080
 -72.972130,41.981310
 -72.951210,41.979640
 -72.934470,41.979540
 -72.916280,41.980580
 -72.896129,41.980420
 -72.875560,41.980950
 -72.855069,41.980970
 -72.835350,41.980480
 -72.816989,41.981000
 -72.794970,41.978910
 -72.775339,41.979680
 -72.754589,41.979300
 -72.733770,41.978600
 -72.034609,41.952120
 -72.053859,41.951670
 -72.073240,41.954070
 -72.091439,41.953480
 -72.111090,41.953050
 -72.130120,41.951830
 -72.149149,41.951000
 -72.166920,41.951330
 -72.185419,41.952580
 -72.206740,41.951210
 -72.227440,41.949290
 -72.246050,41.948130
 -73.562900,41.608550
 -73.542280,41.610490
 -73.523320,41.612000
 -73.503319,41.612490
 -73.482200,41.612740
 -73.463630,41.612680
 -73.444029,41.613760
 -73.425780,41.614400
 -73.404989,41.615300
 -73.388550,41.614320
 -73.371489,41.613930
 -73.351570,41.614220
 -73.329259,41.615410
 -73.310339,41.615450
 -73.291949,41.616590
 -73.271969,41.616560
 -73.252420,41.617580
 -73.232939,41.617970
 -73.213870,41.617930
 -73.193819,41.619250
 -73.174669,41.619070
 -73.157259,41.618450
 -73.139179,41.617580
 -73.121109,41.618010
 -73.102939,41.615330
 -73.085449,41.615510
 -73.067219,41.615440
 -73.048899,41.615110
 -73.030989,41.614720
 -73.020820,41.615940
 -73.001570,41.616140
 -72.983660,41.615320
 -72.965649,41.615350
 -72.948790,41.615700
 -72.929229,41.615880
 -72.910180,41.616070
 -72.713280,41.978850
 -72.692999,41.981190
 -72.673460,41.981350
 -72.653689,41.980990
 -72.631580,41.979310
 -72.613439,41.980600
 -72.593439,41.980570
 -72.574130,41.979670
 -72.554009,41.979120
 -72.534239,41.978560
 -72.517509,41.978610
 -72.497979,41.978570
 -72.474899,41.980300
 -72.454700,41.979100
 -72.435500,41.978600
 -72.414900,41.978300
 -72.403899,41.977300
 -72.388239,41.978890
 -72.360840,41.977670
 -72.339509,41.978760
 -72.319329,41.979230
 -72.298540,41.977990
 -72.279930,41.977990
 -72.259659,41.977440
 -72.239270,41.977510
 -72.219929,41.977420
 -72.198930,41.977170
 -72.177610,41.976830
 -72.157439,41.977120
 -72.137669,41.978100
 -72.119260,41.978230
 -71.814280,42.037420
 -71.794990,42.038980
 -73.617200,41.604390
 -73.601120,41.605470
 -73.583030,41.606320
 -71.998090,41.618190
 -71.977339,41.617880
 -71.961719,41.617950
 -71.942090,41.617310
 -71.924080,41.618240
 -71.906150,41.618110
 -71.888310,41.617760
 -73.147290,41.642680
 -73.127139,41.642130
 -73.107570,41.642500
 -73.087749,41.642250
 -73.069169,41.641810
 -73.051089,41.640740
 -73.029610,41.639730
 -73.015440,41.641500
 -72.996280,41.641620
 -72.976300,41.641510
 -72.955900,41.641310
 -72.936029,41.640960
 -71.871050,41.617900
 -71.852680,41.617590
 -71.833489,41.617440
 -71.815129,41.616510
 -71.796150,41.617310
 -71.775690,41.617140
 -71.755439,41.618410
 -71.735719,41.618580
 -71.750530,41.485090
 -71.767100,41.484710
 -71.787320,41.483800
 -71.809069,41.481810
 -71.826209,41.480650
 -71.843940,41.480480
 -71.862479,41.481970
 -71.881720,41.483150
 -71.899939,41.482670
 -71.918700,41.482760
 -71.937960,41.482320
 -71.955909,41.481620
 -71.974190,41.482060
 -71.995070,41.482970
 -72.010950,41.483280
 -72.030330,41.483410
 -72.046840,41.482730
 -72.063520,41.485000
 -72.085219,41.485340
 -72.103929,41.484970
 -72.119229,41.484900
 -72.134950,41.485060
 -72.150770,41.485870
 -72.167450,41.486190
 -72.186159,41.485010
 -72.800100,41.461300
 -72.818779,41.462090
 -72.836500,41.462570
 -72.855100,41.463170
 -72.873750,41.462930
 -72.892470,41.461980
 -72.911829,41.461510
 -72.930130,41.461920
 -72.947669,41.462210
 -72.965330,41.462800
 -72.983749,41.462400
 -72.998679,41.460730
 -73.013909,41.461100
 -73.032590,41.460410
 -73.049880,41.460510
 -73.067270,41.459870
 -73.085360,41.461390
 -73.099669,41.461420
 -73.119850,41.462250
 -73.139330,41.463240
 -73.158210,41.463620
 -73.176989,41.462800
 -73.197650,41.461750
 -73.216520,41.460850
 -73.233220,41.460710
 -73.250709,41.461310
 -73.269689,41.461750
 -73.288970,41.461290
 -73.308240,41.460890
 -73.326430,41.461550
 -73.341250,41.459880
 -73.358949,41.459920
 -73.379559,41.459680
 -73.396649,41.459320
 -73.415240,41.459810
 -73.432689,41.460040
 -73.452410,41.459650
 -73.471880,41.459800
 -72.890420,41.617260
 -72.870550,41.616430
 -72.849849,41.616210
 -72.833909,41.616610
 -72.814449,41.616390
 -72.795619,41.616250
 -72.776470,41.615630
 -72.760950,41.614620
 -72.741180,41.614550
 -72.721520,41.614930
 -72.702269,41.614380
 -72.684830,41.615060
 -72.665990,41.615100
 -72.650229,41.613790
 -72.629360,41.614900
 -72.610590,41.616120
 -72.590630,41.616260
 -72.571639,41.616570
 -72.552499,41.616310
 -72.533579,41.617010
 -72.511360,41.618770
 -72.494020,41.618060
 -72.476610,41.618130
 -72.459349,41.617360
 -72.440280,41.616860
 -72.421449,41.616800
 -72.402319,41.614720
 -72.383479,41.614770
 -72.364199,41.614580
 -72.346559,41.614630
 -72.329279,41.615050
 -72.100120,41.978440
 -72.080360,41.978710
 -72.062049,41.979770
 -72.042219,41.977690
 -72.020750,41.978240
 -72.000179,41.979310
 -71.979010,41.979230
 -71.960750,41.979740
 -71.942259,41.980410
 -71.923079,41.981020
 -71.902679,41.980870
 -71.880969,41.981170
 -71.860490,41.981360
 -71.838030,41.981130
 -71.816699,41.981470
 -71.795609,41.981410
 -71.773350,41.982600
 -71.752629,41.983340
 -71.980119,42.008190
 -71.998390,42.007630
 -72.017890,42.007070
 -72.037000,42.006500
 -72.057160,42.008760
 -72.075470,42.008560
 -72.094200,42.008670
 -72.113120,42.009940
 -72.370170,42.006940
 -72.390309,42.006130
 -72.408570,42.005490
 -72.428350,42.005640
 -72.449300,42.005870
 -72.471180,42.006620
 -72.491200,42.005360
 -72.510280,42.004960
 -72.530409,42.004650
 -72.548909,42.003550
 -72.565519,42.004890
 -72.586119,42.005620
 -72.604960,42.005550
 -72.624859,42.005400
 -72.644639,42.005250
 -72.663129,42.005790
 -72.682440,42.006760
 -72.699060,42.007120
 -72.721259,42.004160
 -72.740899,42.004040
 -72.760890,42.003090
 -72.780110,42.002770
 -72.800180,42.003330
 -72.820329,42.003890
 -72.840820,42.003810
 -72.859619,42.004180
 -72.881650,42.005360
 -72.900609,42.005850
 -72.920850,42.005440
 -72.938790,42.004580
 -72.958090,42.004230
 -72.979520,42.004260
 -72.999930,42.004020
 -73.020089,42.004110
 -72.787520,42.029280
 -72.766929,42.030930
 -72.747109,42.033220
 -72.729579,42.033910
 -72.710869,42.033840
 -72.690609,42.036710
 -72.669179,42.035210
 -72.646579,42.033970
 -72.623520,42.033070
 -72.601160,42.031740
 -72.581370,42.030050
 -72.562759,42.028630
 -72.545309,42.028860
 -72.522479,42.029690
 -72.504569,42.030260
 -72.486070,42.030140
 -72.467319,42.032100
 -72.448940,42.032840
 -72.428439,42.033740
 -72.408190,42.034040
 -72.386519,42.033710
 -72.357900,42.032670
 -72.338860,42.032610
 -72.319490,42.033700
 -72.300959,42.034020
 -72.281610,42.033400
 -72.262669,42.032780
 -72.244140,42.032620
 -72.224480,42.031450
 -72.206269,42.031130
 -72.187229,42.030650
 -72.168089,42.029780
 -72.148320,42.029290
 -72.130010,42.028810
 -72.111049,42.029710
 -72.089300,42.030290
 -72.068680,42.031410
 -72.044949,42.029720
 -72.024780,42.029030
 -72.002740,42.029800
 -71.981699,42.030640
 -71.958270,42.031850
 -71.936769,42.032450
 -71.915580,42.032930
 -71.893629,42.033280
 -71.873049,42.033640
 -71.851690,42.035080
 -71.832640,42.036020
 -72.310330,41.615800
 -72.293770,41.615410
 -72.274830,41.615220
 -72.255379,41.615140
 -72.236730,41.614840
 -72.217640,41.615510
 -72.199409,41.615700
 -72.181419,41.615120
 -72.161680,41.614920
 -72.142009,41.615520
 -72.122479,41.615520
 -72.105840,41.616520
 -72.086970,41.616410
 -72.063350,41.616810
 -72.046080,41.617600
 -72.029639,41.617830
 -72.013429,41.617560
 -73.489410,41.460020
 -73.508010,41.460760
 -73.525899,41.461170
 -73.543780,41.461510
 -73.562099,41.461250
 -72.104829,41.511900
 -72.088030,41.512290
 -72.064889,41.511060
 -72.048539,41.509160
 -72.034379,41.509430
 -72.017309,41.510200
 -72.002299,41.511660
 -71.984079,41.512000
 -71.965719,41.511670
 -71.947289,41.511540
 -71.928799,41.510790
 -71.910780,41.510820
 -71.892279,41.510730
 -71.875709,41.510660
 -71.856940,41.510360
 -71.840089,41.510540
 -71.821379,41.510340
 -71.803229,41.510290
 -71.784800,41.510040
 -71.765400,41.510850
 -71.746709,41.509610
 -71.728910,41.508990
 -73.588999,41.636000
 -73.571070,41.637450
 -73.550040,41.638850
 -73.527569,41.640560
 -73.505980,41.641840
 -73.487230,41.641550
 -73.468799,41.640350
 -73.446689,41.638990
 -73.425879,41.638690
 -73.406499,41.638620
 -73.386489,41.639040
 -73.367510,41.639860
 -73.344980,41.643330
 -73.324160,41.643070
 -73.305849,41.642530
 -73.287009,41.641370
 -73.267449,41.641960
 -73.248040,41.642110
 -73.228809,41.642370
 -73.208489,41.642330
 -73.187839,41.642790
 -73.168269,41.642730
 -72.916149,41.641220
 -72.897510,41.641250
 -72.879079,41.641660
 -72.859929,41.641130
 -72.839529,41.640840
 -72.819030,41.641320
 -72.797499,41.641410
 -72.777520,41.641260
 -72.758469,41.640950
 -72.736310,41.640800
 -72.714259,41.640560
 -72.697260,41.641710
 -72.677590,41.641360
 -72.657539,41.640670
 -72.640729,41.639810
 -72.621429,41.639510
 -72.601609,41.639650
 -72.581780,41.640690
 -72.562110,41.639200
 -72.540259,41.639780
 -72.519990,41.640190
 -72.499790,41.640430
 -72.477559,41.640720
 -72.455560,41.640830
 -72.433410,41.640440
 -72.413899,41.639820
 -72.394450,41.639480
 -72.374330,41.639460
 -72.354079,41.638850
 -72.334839,41.638300
 -72.315820,41.638280
 -72.298529,41.639140
 -72.278990,41.639330
 -72.258820,41.639140
 -72.241170,41.638950
 -72.108719,41.640410
 -72.090930,41.640090
 -72.073849,41.640310
 -72.051409,41.640630
 -72.031020,41.640730
 -72.011899,41.640330
 -71.992040,41.639810
 -71.972260,41.638670
 -71.951870,41.639030
 -71.933190,41.639350
 -71.913229,41.640100
 -71.893600,41.639620
 -71.872760,41.639690
 -71.851629,41.639750
 -71.831469,41.639140
 -71.808320,41.639510
 -71.785850,41.639440
 -71.764350,41.638980
 -71.744490,41.638690
 -71.718059,41.662910
 -71.738290,41.664150
 -71.759039,41.665060
 -71.778609,41.665730
 -71.799309,41.665560
 -71.817920,41.665490
 -71.835260,41.665970
 -71.852220,41.666990
 -71.870079,41.666800
 -71.890409,41.666670
 -71.911029,41.666320
 -71.930750,41.667300
 -71.950479,41.666990
 -71.971630,41.666070
 -71.989270,41.666420
 -72.004899,41.667130
 -72.024169,41.668040
 -72.042409,41.667810
 -72.061980,41.668550
 -72.086670,41.667680
 -72.105550,41.667900
 -72.126900,41.667150
 -72.144060,41.666420
 -72.160850,41.665810
 -72.179810,41.666340
 -72.198179,41.666860
 -72.218300,41.667010
 -72.238649,41.665310
 -72.255510,41.665380
 -72.274899,41.665080
 -72.294730,41.664350
 -72.313830,41.664480
 -72.332930,41.664980
 -72.349280,41.665580
 -72.369109,41.664840
 -72.385439,41.665920
 -72.405640,41.666770
 -72.420439,41.667440
 -72.441240,41.667830
 -72.462120,41.668000
 -72.483910,41.667430
 -72.503440,41.668150
 -72.523420,41.669150
 -72.544149,41.668910
 -72.565710,41.667650
 -72.584500,41.665710
 -72.603650,41.665170
 -72.621680,41.664910
 -72.638659,41.664250
 -72.656009,41.666120
 -72.672530,41.664390
 -72.691239,41.665420
 -72.711240,41.663780
 -72.727920,41.663710
 -72.746140,41.665420
 -72.765719,41.666810
 -72.784670,41.667430
 -72.804460,41.667190
 -72.823519,41.667720
 -72.843199,41.668410
 -72.864220,41.669550
 -72.884009,41.669530
 -72.905030,41.669200
 -72.925949,41.669010
 -72.947179,41.667660
 -72.967690,41.667150
 -72.989650,41.667260
 -73.024589,42.002950
 -73.036789,42.001330
 -73.056719,42.002400
 -73.077949,42.001860
 -73.099710,42.003400
 -73.116849,42.004310
 -73.135029,42.006000
 -73.152479,42.006580
 -73.172420,42.007770
 -73.191309,42.007360
 -73.210120,42.006460
 -73.230820,42.005350
 -73.248139,42.004800
 -73.269240,42.004410
 -73.289169,42.004560
 -73.313329,42.003910
 -73.329030,42.003880
 -73.349989,42.002230
 -73.367120,42.003040
 -73.387690,42.002750
 -73.403849,42.003780
 -73.422540,42.004910
 -73.442310,42.005270
 -73.461100,42.005070
 -73.478110,42.005130
 -73.493750,42.005550
 -73.510750,42.005140
 -72.776299,42.052750
 -72.796039,42.052810
 -72.819360,42.052480
 -72.839530,42.053800
 -72.860729,42.054600
 -72.883199,42.055090
 -72.904980,42.055380
 -72.926259,42.054840
 -72.945239,42.054810
 -72.965660,42.054640
 -72.988050,42.055740
 -73.007200,42.056020
 -73.029500,42.055780
 -73.044590,42.052760
 -73.062910,42.052960
 -73.083890,42.052120
 -73.103249,42.052650
 -73.121770,42.053800
 -73.140410,42.055200
 -73.161279,42.056830
 -73.174100,42.054600
 -73.202669,42.057110
 -73.219679,42.057090
 -73.239959,42.057150
 -73.258539,42.057850
 -72.222579,41.639250
 -72.202750,41.639810
 -72.183510,41.640360
 -72.163330,41.640590
 -72.143719,41.640540
 -72.124919,41.640550
 -73.277499,42.057330
 -73.299590,42.056740
 -73.319600,42.052780
 -73.338210,42.052750
 -73.361590,42.052630
 -73.381140,42.052780
 -73.398559,42.053580
 -73.414780,42.054310
 -73.433500,42.056750
 -73.450839,42.057980
 -73.469970,42.058820
 -73.487910,42.059720
 -73.504220,42.059930
 -72.751790,41.434840
 -72.736449,41.434720
 -72.715909,41.436670
 -72.691760,41.435580
 -72.673560,41.435560
 -72.654619,41.436710
 -72.636239,41.437120
 -72.617969,41.437010
 -72.597909,41.437910
 -72.579089,41.437880
 -72.559369,41.438100
 -72.541330,41.436480
 -72.522839,41.436450
 -72.503670,41.437080
 -72.484180,41.435940
 -73.350700,41.564030
 -73.371119,41.566440
 -73.390879,41.567470
 -73.409210,41.568680
 -73.429839,41.567840
 -73.448549,41.566770
 -73.470270,41.564900
 -73.487849,41.562820
 -73.506729,41.563050
 -73.290139,41.668730
 -73.272799,41.668680
 -73.254229,41.669700
 -73.234490,41.670720
 -73.217160,41.671410
 -73.194930,41.672310
 -73.175669,41.671200
 -73.154179,41.670400
 -73.138909,41.668590
 -73.120909,41.669270
 -73.103319,41.668950
 -73.085979,41.668380
 -73.067559,41.668000
 -73.050219,41.667550
 -73.031799,41.666720
 -73.012880,41.667020
 -73.000630,41.670580
 -72.646610,41.720020
 -72.661340,41.720370
 -72.678250,41.720440
 -72.697279,41.720450
 -72.718360,41.718840
 -72.742200,41.717990
 -72.760550,41.717370
 -72.777029,41.719700
 -72.795480,41.720470
 -72.815390,41.720850
 -72.837159,41.721610
 -72.856750,41.721130
 -72.876030,41.721030
 -72.895930,41.720540
 -72.916140,41.720130
 -72.935839,41.719550
 -72.953879,41.721000
 -72.976380,41.722510
 -72.997519,41.722540
 -73.018249,41.721950
 -73.026359,41.715570
 -73.043549,41.715590
 -73.061730,41.715980
 -73.079340,41.716610
 -73.096189,41.717060
 -73.115209,41.718060
 -73.133069,41.719620
 -73.150929,41.721110
 -73.169530,41.721980
 -73.188870,41.721470
 -73.207470,41.720710
 -73.227800,41.719390
 -73.246059,41.719000
 -73.264829,41.719360
 -73.284540,41.719850
 -73.304229,41.718680
 -73.323830,41.718840
 -73.339859,41.720160
 -73.358929,41.719640
 -73.379379,41.719830
 -73.397670,41.720450
 -73.417870,41.720750
 -73.439829,41.720680
 -73.457230,41.720280
 -73.475430,41.720340
 -73.493960,41.720710
 -73.513039,41.719920
 -73.532119,41.719970
 -73.549040,41.719800
 -73.567069,41.718660
 -73.595600,41.796600
 -73.572510,41.800720
 -73.557140,41.799330
 -73.540629,41.798410
 -73.523279,41.799300
 -73.498319,41.800670
 -73.479599,41.801300
 -73.462199,41.803300
 -73.444800,41.804430
 -73.428629,41.803280
 -73.410009,41.803310
 -73.317660,41.822750
 -73.334419,41.826130
 -73.353139,41.823680
 -73.372269,41.821990
 -73.395230,41.820750
 -73.415140,41.822440
 -73.431930,41.822850
 -73.451020,41.822950
 -73.466379,41.823330
 -73.484539,41.823000
 -73.504259,41.823180
 -73.524389,41.824930
 -71.993849,42.002620
 -71.972739,42.003170
 -71.955960,42.001910
 -71.936379,42.003030
 -71.916170,42.005520
 -71.897979,42.006130
 -71.878640,42.006670
 -71.858679,42.006920
 -71.841409,42.007880
 -71.822500,42.009730
 -71.803320,42.009800
 -71.785590,42.010060
 -71.769080,42.010830
 -71.749879,42.011930
