-72.343226,41.989548
-72.322425,41.989547
-72.364126,41.968649
-72.343226,41.968649
-72.322428,41.968648
-72.36412900000001,41.947848
-72.343228,41.947848
-72.32242599999999,41.94785
-72.23912300000001,41.989547
-72.23912300000001,41.968648
-72.239126,41.94785
-72.38492700000001,42.031148
-72.38492700000001,42.010348
-72.301626,42.031146
-72.280727,42.031149
-72.259924,42.031148
-72.301627,42.010349
-72.28072400000001,42.010348
-72.259924,42.010347
-72.364127,42.031149
-72.343228,42.031149
-72.322425,42.031148
-72.364127,42.010349
-72.343227,42.010349
-72.32242700000001,42.010348
-72.239124,42.031148
-72.23912300000001,42.010348
-72.21822400000001,42.010347
-72.38492700000001,41.989547
-72.384928,41.968648
-72.40573000000001,41.947848
-72.384928,41.94785
-72.176624,41.989548
-72.15572400000001,41.989547
-72.134923,41.989549
-72.176622,41.968649
-72.155722,41.968648
-72.134924,41.968649
-72.218222,41.989549
-72.197425,41.989548
-72.218226,41.968647
-72.197424,41.968648
-72.114122,41.989549
-72.114122,41.968649
-72.17662300000001,42.010349
-72.155723,42.010348
-72.134923,42.010349
-72.197423,42.010349
-72.11412300000001,42.01035
-71.989121,41.92705
-71.96821900000001,41.92705
-71.947419,41.927051
-71.989119,41.98955
-71.96821900000001,41.98955
-71.98912,41.96865
-71.96821799999999,41.96865
-71.94741999999999,41.968648
-71.989119,41.947848
-71.968221,41.947849
-71.947422,41.947849
-72.05162300000001,41.989548
-72.030722,41.989549
-72.00992100000001,41.98955
-72.051621,41.968648
-72.03072,41.968649
-72.009922,41.96865
-72.051622,41.94785
-72.36412900000001,41.90615
-72.343226,41.90615
-72.32242700000001,41.906149
-72.36412799999999,41.885349
-72.343225,41.885349
-72.322425,41.885351
-72.42662900000001,41.86455
-72.40572899999999,41.86455
-72.384929,41.86455
-72.405727,41.84365
-72.384929,41.84365
-72.42663,41.90615
-72.405728,41.90615
-72.384928,41.906149
-72.42662799999999,41.885349
-72.40572899999999,41.885349
-72.384928,41.885351
-72.36412799999999,41.864551
-72.343228,41.86455
-72.32242700000001,41.864549
-72.36412799999999,41.843651
-72.343227,41.84365
-72.32242599999999,41.843649
-72.67663899999999,41.90615
-72.676637,41.88535
-72.655737,41.885351
-72.63493699999999,41.885351
-72.718238,41.92705
-72.718237,41.90615
-72.69743800000001,41.906151
-72.73913899999999,41.88535
-72.71823999999999,41.885349
-73.48916300000001,42.052043
-73.46826400000001,42.052043
-73.447461,42.052044
-72.134923,42.031147
-72.11412300000001,42.031147
-73.30165700000001,42.052045
-73.42666199999999,42.052044
-73.40576,42.052043
-73.384961,42.052044
-73.364161,42.052043
-73.343259,42.052045
-73.32246000000001,42.052045
-73.280759,42.052043
-73.259956,42.052043
-73.176654,42.052045
-73.23915700000001,42.052045
-73.218255,42.052044
-73.197456,42.052043
-73.155755,42.052046
-72.051621,42.031147
-72.030721,42.031148
-72.00992100000001,42.031149
-72.09322,42.031149
-72.07242100000001,42.031147
-71.80161699999999,42.031149
-72.801641,42.031146
-72.780739,42.031148
-72.75994,42.031146
-72.80163899999999,42.010349
-72.78073999999999,42.010348
-71.92661800000001,42.03115
-71.905818,42.031148
-71.989121,42.031149
-71.968222,42.03115
-71.947418,42.031148
-71.884918,42.031148
-71.86411800000001,42.03115
-71.843317,42.031148
-71.822418,42.03115
-72.218225,42.031148
-72.176622,42.031147
-72.155723,42.031149
-72.197425,42.031146
-72.593233,42.031148
-72.572434,42.031148
-73.426665,41.989545
-73.40576400000001,41.989545
-73.384963,41.989546
-73.426666,41.968646
-73.405765,41.968645
-73.384963,41.968646
-73.426665,41.947844
-73.40576299999999,41.947844
-73.384964,41.947845
-73.42666300000001,41.927046
-73.405765,41.927045
-73.384962,41.927046
-73.489165,41.927045
-73.468266,41.927045
-73.44746600000001,41.927046
-73.48916800000001,41.989545
-73.468267,41.989545
-73.44746600000001,41.989545
-73.489167,41.968645
-73.468266,41.968645
-72.634935,42.010347
-72.739137,42.031146
-72.718238,42.031148
-72.697435,42.031148
-72.739137,42.010349
-72.718238,42.010348
-72.69743800000001,42.010348
-72.61413500000001,42.031146
-72.61413500000001,42.010349
-72.55163400000001,41.989549
-72.53073000000001,41.989547
-72.509929,41.98955
-72.551632,41.96865
-72.530731,41.968648
-72.50993,41.968648
-72.551633,41.947849
-72.530732,41.94785
-72.50993,41.94785
-72.59323500000001,41.989547
-72.572434,41.989547
-72.593234,41.968648
-72.572433,41.968648
-72.593233,41.94785
-72.572435,41.94785
-72.55163400000001,42.031147
-72.530732,42.031148
-72.509933,42.031148
-72.551632,42.010349
-72.530733,42.010347
-72.509933,42.010347
-72.593232,42.010347
-72.57243200000001,42.010348
-72.42662900000001,42.031148
-72.40573000000001,42.031148
-72.42663,42.010348
-72.405727,42.010348
-72.48913,42.031147
-72.468231,42.031147
-72.447428,42.031147
-72.48912900000001,42.010349
-72.46823000000001,42.01035
-72.44743,42.010349
-72.42662799999999,41.989548
-72.405728,41.989548
-72.42662900000001,41.968648
-72.40572899999999,41.968648
-72.48912900000001,41.989549
-72.46822899999999,41.989549
-72.447428,41.989549
-72.48912900000001,41.968649
-72.468228,41.96865
-72.447431,41.96865
-72.301625,41.989548
-72.28072400000001,41.989548
-72.259924,41.989549
-72.301626,41.968649
-72.280726,41.968648
-72.259924,41.968647
-72.30162799999999,41.947848
-72.280726,41.947847
-72.259924,41.947849
-72.364126,41.989548
-73.447464,41.968646
-73.48916800000001,41.947844
-73.468266,41.947843
-73.447463,41.947844
-73.36416199999999,41.927046
-73.42666300000001,42.031144
-73.405761,42.031144
-73.384961,42.031144
-73.42666199999999,42.010344
-73.405762,42.010346
-73.384962,42.010344
-73.46826299999999,42.031144
-73.447463,42.031144
-73.489167,42.010343
-73.46826299999999,42.010343
-73.447463,42.010344
-73.364161,42.031144
-73.364161,42.010346
-73.50996499999999,41.885345
-73.489166,42.031144
-73.301659,42.031145
-73.28076,42.031144
-73.259956,42.031144
-73.301661,42.010345
-73.28075800000001,42.010346
-73.259957,42.010347
-73.343262,42.031146
-73.322458,42.031143
-73.343262,42.010345
-73.322461,42.010345
-73.23915700000001,42.031146
-73.17665599999999,41.989545
-73.155756,41.989546
-73.17665700000001,41.968646
-73.15575699999999,41.968647
-73.17665599999999,41.947848
-73.155754,41.947846
-73.176658,41.927047
-73.239158,41.927046
-73.218259,41.927048
-73.197457,41.927048
-73.239158,41.989545
-73.21825699999999,41.989546
-73.197457,41.989546
-73.23915700000001,41.968646
-73.218256,41.968647
-73.197459,41.968647
-73.23915700000001,41.947847
-73.218256,41.947846
-73.197458,41.947846
-73.176655,42.031146
-73.155753,42.031144
-73.134953,42.031147
-73.17665700000001,42.010346
-73.155754,42.010347
-73.21825800000001,42.031145
-73.19745500000001,42.031144
-73.23915700000001,42.010346
-73.21825800000001,42.010344
-73.197457,42.010347
-73.13495500000001,41.989546
-73.13495500000001,41.968646
-73.051653,41.989546
-73.030749,41.989546
-73.05165100000001,41.968646
-73.03075,41.968647
-73.114154,41.989547
-73.093254,41.989545
-73.072453,41.989547
-73.114154,41.968648
-73.093253,41.968646
-73.072452,41.968648
-73.13495399999999,42.010346
-73.051653,42.031146
-73.03075,42.031147
-73.05165100000001,42.010346
-73.030751,42.010347
-73.114154,42.031145
-73.093251,42.031146
-73.072452,42.031145
-73.114154,42.010345
-73.093255,42.010346
-73.072451,42.010345
-72.926647,41.989546
-72.90574700000001,41.989548
-72.884946,41.989547
-72.989148,41.989546
-72.968248,41.989546
-72.947447,41.989548
-72.926647,42.031146
-72.905744,42.031146
-72.884945,42.031148
-72.92664499999999,42.010346
-72.90574599999999,42.010346
-72.884946,42.010347
-72.989148,42.031147
-72.968249,42.031147
-72.947446,42.031146
-72.989148,42.010347
-72.968249,42.010347
-72.94744900000001,42.010346
-73.00994900000001,41.989548
-73.00994900000001,41.968646
-73.009951,42.031146
-73.009951,42.010346
-72.88494300000001,41.968648
-72.884944,41.947847
-72.884944,41.927049
-72.801641,41.989548
-72.78074100000001,41.989548
-72.801643,41.968649
-72.780739,41.968648
-72.801641,41.947849
-72.78073999999999,41.947848
-72.801643,41.927048
-72.86414499999999,41.92705
-72.843244,41.927049
-72.822441,41.927048
-72.864142,41.989548
-72.843242,41.989547
-72.822442,41.989548
-72.864142,41.968648
-72.84324100000001,41.968648
-72.82244,41.968649
-72.86414600000001,41.947848
-72.843244,41.947847
-72.82244300000001,41.947849
-72.864142,42.031148
-72.843244,42.031147
-72.822441,42.031146
-72.864142,42.010348
-72.843243,42.010347
-72.82244300000001,42.010348
-72.759941,41.989548
-72.676636,41.989548
-72.65573600000001,41.989549
-72.634935,41.989549
-72.676637,41.968648
-72.655737,41.96865
-72.634936,41.968647
-72.67663500000001,41.947848
-72.655734,41.947849
-72.634936,41.94785
-72.739137,41.989548
-72.718237,41.989547
-72.697436,41.989548
-72.697439,41.968649
-72.61413500000001,41.989549
-72.61413500000001,41.96865
-72.61413400000001,41.947849
-72.75994,42.010349
-72.676636,42.031148
-72.655738,42.031147
-72.634935,42.031147
-72.676638,42.010348
-72.65573500000001,42.010349
-72.03072,41.947848
-72.00992100000001,41.947849
-72.05162300000001,41.927049
-72.030721,41.92705
-72.00992100000001,41.92705
-72.093222,41.927048
-72.072422,41.927049
-72.093221,41.989547
-72.07241999999999,41.989548
-72.093221,41.968648
-72.072423,41.968648
-72.093223,41.947849
-72.07242100000001,41.94785
-71.98912,42.010348
-71.96822,42.010349
-72.051622,42.010349
-72.030722,42.010348
-72.00992100000001,42.010348
-72.093223,42.010348
-72.072422,42.010349
-71.92662,41.98955
-71.905818,41.989549
-71.884917,41.989548
-71.92661800000001,41.96865
-71.90582000000001,41.968649
-71.884918,41.968651
-71.926619,41.947849
-71.90582000000001,41.94785
-71.884918,41.947849
-71.94742100000001,41.989548
-71.801619,41.989549
-71.80161699999999,41.968649
-71.80161800000001,41.94785
-71.864119,41.98955
-71.843318,41.989548
-71.822417,41.98955
-71.86412,41.96865
-71.843317,41.968651
-71.822419,41.96865
-71.86411800000001,41.947851
-71.84331899999999,41.947849
-71.822417,41.947851
-71.926619,42.010349
-71.905818,42.01035
-71.884918,42.01035
-71.94741999999999,42.010349
-71.80161800000001,42.010351
-71.86411699999999,42.010349
-71.84331899999999,42.01035
-71.822419,42.010349
-73.30166,41.989544
-73.280759,41.989546
-73.259958,41.989546
-73.301661,41.968645
-73.28076,41.968646
-73.259959,41.968646
-73.30166,41.947846
-73.28075800000001,41.947845
-73.25996000000001,41.947845
-73.30166199999999,41.927045
-73.28076,41.927047
-73.259961,41.927047
-73.34326,41.927045
-73.322461,41.927046
-73.36416199999999,41.989545
-73.343262,41.989544
-73.322461,41.989545
-73.364161,41.968645
-73.34326,41.968645
-73.322463,41.968645
-73.36416199999999,41.947844
-73.34326,41.947846
-73.322462,41.947847
-72.75993800000001,41.968649
-72.75993800000001,41.947849
-72.78074100000001,41.92705
-72.759939,41.927048
-72.73914000000001,41.927048
-72.697436,41.92705
-72.73914000000001,41.906149
-72.73914000000001,41.968649
-72.71823999999999,41.968648
-72.73914000000001,41.947849
-72.718239,41.947848
-72.69743699999999,41.947848
-72.92664499999999,41.968647
-72.905744,41.968647
-72.926647,41.947849
-72.905745,41.947849
-72.92664499999999,41.927048
-72.90574700000001,41.927048
-72.92664600000001,41.906149
-72.989148,41.927048
-72.96825,41.927049
-72.947447,41.927048
-72.989147,41.906149
-72.968249,41.906149
-72.947446,41.906148
-72.989148,41.968647
-72.96824700000001,41.968647
-72.947446,41.968649
-72.989148,41.947846
-72.96824700000001,41.947847
-72.94744799999999,41.947848
-73.030751,41.947846
-73.00995,41.947848
-73.030749,41.927048
-73.00995,41.927047
-73.03075,41.906149
-73.009951,41.906148
-73.134956,41.947846
-73.155756,41.927048
-73.134953,41.927048
-73.15575699999999,41.906148
-73.134953,41.906148
-73.13495399999999,41.885347
-73.051653,41.947846
-73.05165100000001,41.927048
-73.051652,41.906148
-73.114154,41.927046
-73.09325200000001,41.927047
-73.114154,41.906147
-73.093251,41.906147
-73.072452,41.906147
-73.114154,41.885348
-73.093255,41.885349
-73.072451,41.885349
-73.114154,41.947847
-73.093253,41.947848
-73.072451,41.947847
-72.134923,41.947848
-72.134923,41.927049
-72.051621,41.906148
-72.051622,41.88535
-72.114124,41.927049
-72.114124,41.906149
-72.093221,41.906151
-72.07242100000001,41.906149
-72.11412300000001,41.885351
-72.09322400000001,41.885349
-72.072423,41.88535
-72.114121,41.947848
-72.05162300000001,41.864551
-72.051621,41.84365
-72.093222,41.86455
-72.07242100000001,41.864551
-72.093222,41.84365
-72.072423,41.84365
-72.176624,41.947848
-72.155722,41.947849
-72.176625,41.927049
-72.155722,41.927048
-72.17662300000001,41.906149
-72.15572400000001,41.906148
-72.134924,41.906149
-72.176624,41.885348
-72.15572400000001,41.88535
-72.134924,41.885351
-72.197424,41.927049
-72.197423,41.906149
-72.197424,41.885351
-72.197422,41.947847
-72.176625,41.864549
-72.155725,41.864551
-72.134924,41.864549
-72.17662300000001,41.843649
-72.155723,41.84365
-72.134924,41.843649
-72.197423,41.864549
-72.197425,41.843649
-72.114122,41.864549
-72.11412300000001,41.843649
-72.301625,41.92705
-72.280727,41.927049
-72.259924,41.927048
-72.280725,41.906149
-72.259925,41.906148
-72.301625,41.885349
-72.280725,41.885348
-72.259925,41.88535
-72.239125,41.927049
-72.218223,41.927048
-72.239125,41.906149
-72.218223,41.906148
-72.239124,41.88535
-72.218225,41.885349
-72.21822400000001,41.947849
-72.239124,41.864549
-72.21822400000001,41.864551
-72.239124,41.843649
-72.218223,41.84365
-72.301626,41.86455
-72.280726,41.86455
-72.259925,41.864548
-72.30162799999999,41.84365
-72.280727,41.843649
-72.259925,41.843651
-72.50993,41.927049
-72.509931,41.90615
-72.509931,41.885349
-72.36412900000001,41.92705
-72.343227,41.92705
-72.426631,41.947848
-72.42662799999999,41.92705
-72.40573000000001,41.92705
-72.384928,41.927049
-72.489132,41.927048
-72.46823000000001,41.927049
-72.447431,41.927048
-72.489132,41.906149
-72.46822899999999,41.906149
-72.44743,41.906148
-72.489131,41.88535
-72.468232,41.885351
-72.447428,41.88535
-72.489132,41.947849
-72.468231,41.947849
-72.447429,41.947849
-72.509931,41.86455
-72.676637,41.92705
-72.65573500000001,41.927049
-72.634936,41.927049
-72.65573600000001,41.906149
-72.63493699999999,41.906149
-72.551631,41.927049
-72.530733,41.927049
-72.551633,41.906149
-72.530731,41.90615
-72.55163400000001,41.885351
-72.530731,41.885349
-72.61413400000001,41.927048
-72.593232,41.927049
-72.572434,41.92705
-72.61413400000001,41.906149
-72.59323500000001,41.90615
-72.57243200000001,41.90615
-72.61413400000001,41.885351
-72.593234,41.885349
-72.572434,41.885349
-73.072453,41.927047
-71.92662,41.92705
-71.90582000000001,41.927051
-71.884917,41.92705
-71.92661800000001,41.906149
-71.905818,41.90615
-71.884918,41.90615
-71.905818,41.885351
-71.884918,41.88535
-71.80161800000001,41.927051
-71.80161699999999,41.90615
-71.86411699999999,41.927049
-71.843318,41.92705
-71.822418,41.927049
-71.86411800000001,41.906151
-71.843317,41.906149
-71.822417,41.906151
-71.780816,41.864551
-72.301627,41.90615
-72.322428,41.927049
-72.69743699999999,41.88535
-72.676638,41.864551
-72.65573500000001,41.86455
-72.634934,41.86455
-72.676636,41.843651
-72.65573600000001,41.84365
-72.634935,41.84365
-72.676638,41.82285
-72.655737,41.822851
-73.426665,41.906146
-73.405765,41.906145
-73.384962,41.906146
-73.42666300000001,41.885347
-73.40576400000001,41.885347
-73.384963,41.885345
-73.48916800000001,41.906145
-73.468265,41.906145
-73.44746499999999,41.906146
-73.48916800000001,41.885346
-73.468265,41.885346
-73.447464,41.885344
-73.36416199999999,41.906146
-73.36416199999999,41.885347
-73.426666,41.864545
-73.405765,41.864545
-73.384964,41.864546
-73.42666300000001,41.843645
-73.405762,41.843647
-73.384964,41.843645
-73.426666,41.822846
-73.40576400000001,41.822845
-73.38496499999999,41.822846
-73.426664,41.802046
-73.405766,41.802046
-73.489166,41.802045
-73.468267,41.802045
-73.447464,41.802046
-73.489165,41.864544
-73.468265,41.864547
-73.447467,41.864545
-73.48916800000001,41.843646
-73.468267,41.843646
-73.44746499999999,41.843645
-73.489165,41.822847
-73.468267,41.822847
-73.44746499999999,41.822845
-72.905744,41.906148
-72.884945,41.90615
-72.926648,41.885348
-72.905745,41.88535
-72.884945,41.885349
-72.92664600000001,41.864549
-72.90574700000001,41.864549
-72.884946,41.864551
-72.926648,41.843649
-72.905748,41.843649
-72.884946,41.843651
-72.92664600000001,41.822851
-72.905745,41.822851
-72.884947,41.822849
-72.947447,41.864549
-72.94744900000001,41.843649
-72.801641,41.906148
-72.780742,41.90615
-72.801642,41.88535
-72.780739,41.88535
-72.86414499999999,41.906148
-72.843243,41.90615
-72.822444,41.906148
-72.86414499999999,41.885349
-72.843242,41.885349
-72.822442,41.88535
-72.80164000000001,41.864549
-72.78074100000001,41.864551
-72.801642,41.843649
-72.86414499999999,41.864548
-72.843242,41.864551
-72.822441,41.864549
-72.86414499999999,41.843651
-72.843245,41.843651
-72.82244300000001,41.843649
-72.86414499999999,41.82285
-72.843244,41.822849
-72.822442,41.822851
-73.301659,41.906145
-73.280761,41.906147
-73.30166199999999,41.885347
-72.905748,41.572848
-72.884946,41.57285
-72.801644,41.635352
-72.780742,41.635351
-72.759941,41.635352
-72.822445,41.635352
-72.801642,41.61455
-72.780743,41.614552
-72.759942,41.61455
-72.801644,41.593651
-73.509968,41.739546
-73.509968,41.718645
-73.509969,41.697845
-73.509967,41.677045
-73.489167,41.677046
-73.468265,41.677046
-73.44746499999999,41.677048
-73.489167,41.739547
-73.468266,41.739547
-73.44746499999999,41.739546
-73.489166,41.718646
-73.468265,41.718646
-73.447467,41.718647
-73.489167,41.697846
-73.468265,41.697846
-73.44746600000001,41.697848
-73.30166199999999,41.760347
-73.301661,41.739548
-73.30166199999999,41.718647
-73.384964,41.760347
-73.36416300000001,41.760347
-73.34326400000001,41.760346
-73.322463,41.760347
-73.38496499999999,41.739547
-73.38496499999999,41.718646
-73.364164,41.739547
-73.34326400000001,41.739547
-73.322462,41.739548
-73.36416300000001,41.718646
-73.34326299999999,41.718649
-73.322461,41.718647
-73.343262,41.697846
-71.80161699999999,41.760351
-71.822419,41.76035
-71.80161800000001,41.739551
-71.801616,41.718652
-71.80161699999999,41.697851
-71.80161800000001,41.677051
-71.801616,41.656152
-71.843317,41.677052
-71.822418,41.67705
-71.843317,41.65615
-71.822417,41.656151
-71.822416,41.73955
-71.843317,41.71865
-71.822419,41.718651
-71.84331899999999,41.697852
-71.822417,41.697851
-72.86414499999999,41.760352
-72.843245,41.760352
-72.884945,41.73955
-72.884946,41.718652
-72.884946,41.69785
-72.801643,41.739551
-72.780743,41.739553
-72.801641,41.718651
-72.78074100000001,41.718653
-72.86414499999999,41.73955
-72.843245,41.739553
-72.822444,41.739551
-72.864144,41.71865
-72.843244,41.718652
-72.82244300000001,41.718651
-72.864144,41.697851
-72.843243,41.69785
-72.822445,41.697851
-72.905745,41.76035
-72.884945,41.760352
-71.905818,41.760351
-71.884918,41.76035
-71.86412,41.760351
-71.84331899999999,41.760352
-71.905818,41.739551
-71.884917,41.73955
-71.92661800000001,41.718651
-71.90581899999999,41.718652
-71.884918,41.718651
-71.926619,41.697851
-71.90582000000001,41.697852
-71.884918,41.697851
-71.92662,41.677051
-71.90582000000001,41.677052
-71.884917,41.67705
-71.92661800000001,41.656149
-71.905818,41.65615
-71.884918,41.656151
-71.94741999999999,41.67705
-71.947419,41.656151
-71.94741999999999,41.63535
-71.94742100000001,41.71865
-71.947422,41.69785
-71.86411699999999,41.677052
-71.86411699999999,41.65615
-71.864119,41.739551
-71.843317,41.739551
-71.864119,41.718652
-71.86411800000001,41.697852
-72.40573000000001,41.760351
-72.38492599999999,41.76035
-72.363613,41.738662
-72.343226,41.739551
-72.36412900000001,41.718651
-72.364126,41.760351
-72.38492599999999,41.739551
-72.40572899999999,41.718651
-72.38492700000001,41.71865
-71.92662,41.73955
-71.989122,41.67705
-71.96822,41.67705
-71.989122,41.656151
-71.96821900000001,41.656151
-71.98912,41.739551
-71.96821900000001,41.739552
-71.94742100000001,41.739551
-71.98912,41.71865
-71.96821900000001,41.71865
-71.989119,41.69785
-71.968221,41.69785
-72.030723,41.739552
-72.009922,41.739549
-72.051622,41.71865
-72.030721,41.718651
-72.009922,41.718651
-72.05162300000001,41.69785
-72.030721,41.697851
-72.009922,41.697851
-72.051624,41.67705
-72.030722,41.677051
-72.009922,41.677051
-72.051622,41.656152
-72.030723,41.656149
-72.009923,41.656149
-73.530767,41.677046
-73.530768,41.656147
-73.53077,41.635347
-72.176622,41.739552
-72.155722,41.73955
-72.134924,41.739551
-72.176624,41.71865
-72.155723,41.718652
-72.134922,41.71865
-72.176625,41.697851
-72.15572400000001,41.697849
-72.134925,41.69785
-72.17662300000001,41.677051
-72.15572400000001,41.67705
-72.134925,41.67705
-72.239125,41.718651
-72.21822400000001,41.718649
-72.197422,41.71865
-72.197424,41.697851
-72.114122,41.67705
-72.093223,41.677051
-72.072423,41.677051
-72.072422,41.65615
-72.11412300000001,41.739551
-72.093223,41.739551
-72.11412300000001,41.718649
-72.093222,41.71865
-72.072424,41.718651
-72.114122,41.69785
-72.093221,41.697851
-72.072422,41.697851
-72.50993,41.739552
-72.780744,41.593651
-72.759942,41.593652
-72.801642,41.572849
-72.822446,41.593651
-72.822444,41.572851
-72.739141,41.61455
-72.71824100000001,41.614552
-72.739141,41.635352
-72.718238,41.635351
-71.989121,41.635351
-71.98912,41.61455
-71.98912,41.593651
-71.98912300000001,41.572851
-72.030723,41.635349
-72.009922,41.635352
-72.03072400000001,41.614552
-72.009922,41.614551
-72.030721,41.59365
-72.009923,41.59365
-72.030722,41.572849
-72.009923,41.572849
-71.80161699999999,41.635351
-71.86412,41.635352
-71.84331899999999,41.635352
-71.822418,41.63535
-71.80161800000001,41.61455
-71.801616,41.59365
-71.80161699999999,41.572852
-71.80161699999999,41.552051
-71.801616,41.531151
-71.801616,41.51035
-71.86411699999999,41.55205
-71.843317,41.55205
-71.822418,41.552051
-71.86411699999999,41.53115
-71.843316,41.53115
-71.822417,41.531151
-71.822418,41.51035
-71.864119,41.614551
-71.843317,41.614551
-71.822416,41.614552
-71.864119,41.593652
-71.843317,41.593652
-73.28075800000001,41.885346
-73.30166,41.864548
-73.28076,41.864547
-73.30166199999999,41.843648
-73.30166,41.822846
-73.30166300000001,41.802047
-73.30166,41.781149
-73.34326299999999,41.906145
-73.322463,41.906146
-73.34326299999999,41.885347
-73.322462,41.885347
-73.384963,41.802047
-73.384963,41.781146
-73.36416300000001,41.802047
-73.343261,41.802047
-73.322462,41.802047
-73.36416300000001,41.781146
-73.34326400000001,41.781149
-73.32246000000001,41.781147
-73.36416300000001,41.864546
-73.34326299999999,41.864545
-73.322461,41.864546
-73.36416199999999,41.843645
-73.343261,41.843647
-73.32246000000001,41.843648
-73.36416300000001,41.822846
-73.343261,41.822846
-73.322463,41.822846
-71.926619,41.88535
-71.989122,41.906149
-71.96821900000001,41.90615
-71.947418,41.90615
-71.989121,41.88535
-71.968221,41.885351
-71.94741999999999,41.885351
-71.92662,41.864551
-71.92661800000001,41.84365
-71.98912,41.864551
-71.96821900000001,41.864549
-71.94742100000001,41.864549
-71.98912,41.843651
-71.96821900000001,41.843651
-71.94741999999999,41.843651
-71.989119,41.822851
-72.030722,41.906149
-72.009922,41.90615
-72.030722,41.88535
-72.009922,41.885351
-72.030723,41.864549
-72.00992100000001,41.864549
-72.03072,41.843651
-72.009922,41.843651
-72.009922,41.822849
-73.259961,41.906147
-73.259958,41.885346
-73.259959,41.864547
-73.280761,41.843647
-73.259959,41.843647
-73.280759,41.822848
-73.25996000000001,41.822848
-73.280761,41.802049
-73.259961,41.802047
-73.239158,41.802049
-73.218256,41.802048
-73.239158,41.864547
-73.21825800000001,41.864548
-73.197457,41.864548
-73.239158,41.843646
-73.21825699999999,41.843648
-73.19745500000001,41.843648
-73.239158,41.822848
-73.21825699999999,41.822849
-73.197458,41.822849
-73.17665599999999,41.906147
-73.176658,41.885349
-73.23915700000001,41.906147
-73.218259,41.906148
-73.19745500000001,41.906148
-73.239158,41.885348
-73.21825800000001,41.885347
-73.197458,41.885347
-71.80161800000001,41.88535
-71.86411699999999,41.885349
-71.84331899999999,41.88535
-71.822419,41.885352
-71.905818,41.864549
-71.884917,41.864551
-71.90582000000001,41.843651
-71.884918,41.84365
-71.90582000000001,41.822852
-71.884918,41.822851
-71.884918,41.78115
-71.80161800000001,41.864551
-71.80161699999999,41.84365
-71.80161699999999,41.82285
-71.80161800000001,41.80205
-71.80161699999999,41.781151
-71.86411699999999,41.80205
-71.843317,41.80205
-71.822418,41.802052
-71.86411800000001,41.781151
-71.843317,41.781152
-71.822417,41.78115
-71.864119,41.86455
-71.843317,41.864551
-71.822416,41.86455
-71.864119,41.843652
-71.843317,41.84365
-71.822419,41.843651
-71.86411800000001,41.822849
-71.84331899999999,41.82285
-71.822417,41.822851
-72.759939,41.906149
-72.759939,41.88535
-72.75994,41.864549
-72.780742,41.843651
-72.75994,41.84365
-72.780743,41.82285
-72.759941,41.822851
-72.73913899999999,41.864549
-72.718239,41.864551
-72.697439,41.864552
-72.73913899999999,41.843652
-72.718239,41.843651
-72.69743699999999,41.843652
-72.73913899999999,41.822851
-72.718238,41.82285
-72.69744,41.82285
-72.989148,41.885348
-72.968248,41.885348
-72.94744799999999,41.88535
-73.05165100000001,41.885347
-73.030751,41.885348
-73.009951,41.88535
-73.051653,41.864549
-73.030749,41.864549
-73.00994799999999,41.864548
-73.05165100000001,41.843649
-73.03075,41.843649
-73.00994900000001,41.843648
-73.051653,41.82285
-73.030751,41.822848
-73.00994900000001,41.82285
-73.05165100000001,41.802049
-73.030749,41.802049
-73.00995,41.802048
-73.07245399999999,41.80205
-72.989148,41.802049
-72.989148,41.864549
-72.968248,41.86455
-72.989147,41.843649
-72.96824700000001,41.84365
-72.989147,41.822848
-72.96825,41.822848
-72.94744799999999,41.82285
-73.17665599999999,41.864547
-73.155756,41.864549
-73.13495500000001,41.864548
-73.176658,41.843647
-73.15575699999999,41.843648
-73.13495500000001,41.843648
-73.17665599999999,41.822848
-73.155755,41.822847
-73.134956,41.822849
-73.176658,41.80205
-73.155756,41.802048
-73.134953,41.802048
-73.13495399999999,41.78115
-73.197457,41.802048
-73.155755,41.885347
-73.114154,41.802049
-73.093253,41.802048
-73.114154,41.864547
-73.093254,41.864548
-73.07245399999999,41.864547
-73.114154,41.843647
-73.093253,41.843648
-73.072452,41.843647
-73.114154,41.822848
-73.093253,41.822849
-73.072451,41.822849
-73.509967,41.864546
-73.509967,41.843646
-73.509968,41.822846
-73.509969,41.802047
-73.509969,41.781146
-72.426627,41.84365
-72.42662900000001,41.822852
-72.468232,41.802049
-72.489131,41.864549
-72.468231,41.864549
-72.44743,41.864549
-72.489131,41.843649
-72.46823000000001,41.843649
-72.447429,41.843649
-72.48913,41.822851
-72.46822899999999,41.822851
-72.447431,41.82285
-72.551632,41.86455
-72.530732,41.86455
-72.55163400000001,41.84365
-72.530733,41.84365
-72.50993200000001,41.84365
-72.551632,41.822851
-72.530731,41.822852
-72.50993200000001,41.822852
-72.614136,41.802052
-72.59323500000001,41.802051
-72.614133,41.86455
-72.593233,41.864551
-72.572433,41.864551
-72.614137,41.84365
-72.593233,41.843651
-72.572435,41.843651
-72.614137,41.822851
-72.59323600000001,41.822852
-72.572434,41.822849
-72.634935,41.822852
-72.634935,41.80205
-71.780818,41.84365
-71.780818,41.82285
-71.780818,41.80205
-71.780816,41.781151
-71.780816,41.760351
-71.780816,41.739551
-72.405728,41.822852
-72.384929,41.822851
-72.405728,41.80205
-72.384929,41.802049
-72.40573000000001,41.78115
-72.38492599999999,41.781152
-72.301627,41.739551
-72.280727,41.73955
-72.322428,41.73955
-72.301625,41.781152
-72.280726,41.781151
-72.301626,41.76035
-72.280726,41.760352
-72.364127,41.80205
-72.343228,41.80205
-72.32242599999999,41.802052
-72.364127,41.78115
-72.343228,41.781149
-72.322428,41.781151
-72.343227,41.76035
-72.32242599999999,41.760352
-72.364127,41.822849
-72.343226,41.822852
-72.32242700000001,41.822851
-72.176624,41.82285
-72.176622,41.802051
-72.176624,41.78115
-72.176625,41.760351
-72.239126,41.802051
-72.21822400000001,41.80205
-72.197425,41.802051
-72.239126,41.78115
-72.21822400000001,41.781152
-72.197424,41.78115
-72.239126,41.760351
-72.218222,41.76035
-72.197425,41.760351
-72.23912300000001,41.82285
-72.218225,41.822849
-72.197423,41.82285
-72.239125,41.739552
-72.218225,41.73955
-72.197424,41.739551
-72.25992599999999,41.739551
-72.301625,41.822851
-72.28072400000001,41.822851
-72.259925,41.822849
-72.301626,41.80205
-72.280725,41.802052
-72.259925,41.80205
-72.25992599999999,41.78115
-72.25992599999999,41.760351
-72.155723,41.822851
-72.134924,41.82285
-72.155723,41.80205
-72.134924,41.80205
-72.155725,41.781152
-72.13492100000001,41.78115
-72.155722,41.760349
-72.134925,41.76035
-72.114121,41.80205
-72.114121,41.781149
-72.114124,41.76035
-72.114122,41.822849
-72.09322400000001,41.822851
-72.051622,41.822851
-72.030721,41.822849
-72.05162300000001,41.802051
-72.030721,41.802049
-72.051622,41.781151
-72.030723,41.781151
-72.05162300000001,41.760351
-72.030723,41.760352
-72.093222,41.802051
-72.072423,41.802049
-72.093222,41.78115
-72.072422,41.781151
-72.093221,41.760351
-72.072423,41.760352
-72.07242100000001,41.822851
-72.051624,41.739551
-72.07242100000001,41.739552
-71.926619,41.822851
-71.92662,41.802051
-71.90582000000001,41.802052
-71.92661800000001,41.78115
-71.905818,41.781151
-71.926619,41.76035
-71.989122,41.802049
-71.96821900000001,41.802049
-71.94741999999999,41.802049
-71.989122,41.781151
-71.96821900000001,41.781151
-71.947419,41.781151
-71.989121,41.760351
-71.968221,41.760351
-71.94741999999999,41.760351
-71.968221,41.822852
-71.947418,41.822852
-72.00992100000001,41.80205
-72.009922,41.781151
-72.009922,41.760352
-72.801644,41.822851
-72.801642,41.802052
-72.801643,41.781152
-72.801641,41.760353
-72.86414499999999,41.802051
-72.843243,41.802051
-72.822444,41.802052
-72.86414499999999,41.781151
-72.843242,41.781151
-72.82244300000001,41.781152
-72.822442,41.760353
-72.926648,41.802049
-72.90574599999999,41.802049
-72.884944,41.802051
-72.90574700000001,41.781152
-72.884944,41.781151
-71.884917,41.802051
-72.48913,41.802052
-72.48913,41.781151
-72.48912900000001,41.760353
-72.46823000000001,41.76035
-72.551633,41.80205
-72.530731,41.80205
-72.509933,41.80205
-72.551631,41.781152
-72.530733,41.78115
-72.509933,41.78115
-72.551633,41.760351
-72.530734,41.760351
-72.509933,41.760351
-72.57243200000001,41.802051
-72.572434,41.78115
-72.572433,41.760352
-72.55163400000001,41.739552
-72.530731,41.739552
-72.92664600000001,41.739551
-72.90574599999999,41.739551
-72.989147,41.739551
-72.968248,41.739551
-72.947447,41.73955
-72.98915100000001,41.71865
-72.96824700000001,41.718651
-72.94744900000001,41.71865
-73.009951,41.781151
-72.92664600000001,41.781149
-72.926648,41.76035
-72.96825,41.80205
-72.947447,41.802049
-72.989147,41.781149
-72.968249,41.781149
-72.94744900000001,41.781151
-72.989147,41.76035
-72.968248,41.76035
-72.94744799999999,41.760349
-72.67663899999999,41.802051
-72.655738,41.80205
-72.676637,41.781151
-72.65573500000001,41.781152
-72.67663899999999,41.760352
-72.69743800000001,41.802052
-72.69743699999999,41.781152
-72.697439,41.760353
-72.676637,41.739553
-72.655737,41.739552
-72.69743800000001,41.739551
-72.42663,41.80205
-72.42662799999999,41.78115
-72.42663,41.760351
-72.447429,41.802052
-72.468231,41.781152
-72.447428,41.781151
-72.44743,41.760352
-72.426631,41.739552
-72.405727,41.739552
-72.447428,41.73955
-72.78073999999999,41.802051
-72.759941,41.802052
-72.78074100000001,41.781151
-72.759942,41.781152
-72.780742,41.760352
-72.759942,41.760353
-72.75994300000001,41.739552
-72.73913899999999,41.802052
-72.71824100000001,41.802051
-72.73913899999999,41.781152
-72.71823999999999,41.781151
-72.739138,41.760353
-72.718239,41.760352
-72.739142,41.739551
-72.718239,41.739553
-72.614136,41.781152
-72.593234,41.78115
-72.614136,41.760351
-72.593233,41.760352
-72.614136,41.739552
-72.59323600000001,41.739553
-72.572435,41.739553
-72.634936,41.781153
-72.65573600000001,41.760351
-72.634936,41.760351
-72.634936,41.739552
-73.051652,41.781148
-73.03075,41.781149
-73.05165100000001,41.760349
-73.03075200000001,41.76035
-73.009951,41.760349
-73.114154,41.781149
-73.09325200000001,41.78115
-73.072452,41.78115
-73.114154,41.76035
-73.093251,41.760348
-73.072451,41.760351
-73.051653,41.73955
-73.030749,41.739551
-73.00994799999999,41.73955
-73.051643,41.718652
-73.03075,41.71865
-73.00994900000001,41.718649
-73.07245399999999,41.739549
-73.072452,41.718651
-73.093255,41.739549
-73.280761,41.781148
-73.259958,41.781149
-73.280759,41.760349
-73.259959,41.760349
-73.17665599999999,41.781149
-73.15575699999999,41.781148
-73.176658,41.76035
-73.155755,41.760348
-73.13495500000001,41.760348
-73.239158,41.781148
-73.218259,41.78115
-73.197456,41.781147
-73.239158,41.760349
-73.218259,41.760348
-73.197458,41.760348
-73.280761,41.739547
-73.25996000000001,41.739547
-73.280762,41.718649
-73.25996000000001,41.718649
-73.17665599999999,41.739548
-73.155756,41.739549
-73.13495500000001,41.739549
-73.176658,41.71865
-73.15575699999999,41.718648
-73.134956,41.718648
-73.134953,41.697849
-73.13495399999999,41.67705
-73.239159,41.73955
-73.218259,41.739549
-73.197458,41.739549
-73.239158,41.718649
-73.21825800000001,41.718648
-73.197456,41.718648
-73.114154,41.71865
-73.093254,41.718648
-73.114154,41.697848
-73.093253,41.697849
-73.114154,41.739548
-73.509967,41.760346
-73.426666,41.781145
-73.40576299999999,41.781148
-73.426664,41.760346
-73.405765,41.760346
-73.489169,41.781146
-73.468266,41.781147
-73.44746600000001,41.781145
-73.489166,41.760347
-73.468266,41.760347
-73.44746499999999,41.760346
-73.426667,41.739546
-73.40576299999999,41.739546
-73.426665,41.718648
-73.40576400000001,41.718648
-73.426667,41.697848
-73.405765,41.697848
-73.384963,41.697846
-72.551632,41.718651
-72.530732,41.718652
-72.50993,41.718651
-72.55163400000001,41.697852
-72.530733,41.697852
-72.509931,41.697852
-72.55163500000001,41.677052
-72.530734,41.67705
-72.509931,41.67705
-72.551633,41.656152
-72.53073500000001,41.656152
-72.509931,41.656152
-72.593237,41.677051
-72.572434,41.677051
-72.61413500000001,41.656152
-72.59323600000001,41.656153
-72.572433,41.656153
-72.614138,41.635352
-72.61413500000001,41.718651
-72.59323500000001,41.718652
-72.572434,41.718652
-72.61413500000001,41.697852
-72.593234,41.697853
-72.572436,41.697853
-72.489132,41.677051
-72.489133,41.739551
-72.46822899999999,41.739551
-72.489133,41.71865
-72.468232,41.71865
-72.489132,41.697851
-72.468231,41.697851
-72.63493699999999,41.718652
-72.63493699999999,41.697852
-72.301625,41.71865
-72.280725,41.718652
-72.25992700000001,41.71865
-72.301627,41.69785
-72.280725,41.69785
-72.30162799999999,41.677051
-72.280726,41.67705
-72.301626,41.65615
-72.343226,41.677051
-72.32242700000001,41.67705
-72.32242599999999,41.656152
-72.34322899999999,41.71865
-72.32242700000001,41.718652
-72.343227,41.697851
-72.322425,41.69785
-72.36412799999999,41.677052
-72.36412799999999,41.656151
-72.34322899999999,41.65615
-72.364127,41.635351
-72.343228,41.635351
-72.36412900000001,41.697851
-72.40572899999999,41.614552
-72.384928,41.614551
-72.384929,41.593652
-72.364127,41.614552
-72.343227,41.614551
-72.42662900000001,41.718651
-72.42663,41.697852
-72.40572899999999,41.697851
-72.38492700000001,41.697851
-72.42662799999999,41.677052
-72.40573000000001,41.677052
-72.38492700000001,41.677051
-72.405728,41.656151
-72.384928,41.65615
-72.405728,41.635351
-72.384928,41.63535
-72.447431,41.677051
-72.447431,41.718652
-72.447429,41.69785
-71.780817,41.718652
-71.780817,41.697851
-71.780817,41.677051
-72.67663899999999,41.718653
-72.655738,41.718651
-72.676637,41.697851
-72.65573600000001,41.697852
-72.676638,41.677052
-72.697441,41.677052
-72.69744,41.718653
-72.697439,41.697851
-72.759939,41.718651
-72.739141,41.677053
-72.71823999999999,41.677051
-72.739141,41.656152
-72.718239,41.656151
-72.739142,41.718651
-72.718238,41.718653
-72.739142,41.697852
-72.71824100000001,41.697851
-72.926648,41.718651
-72.90574700000001,41.718651
-72.92664600000001,41.697851
-72.905745,41.697851
-72.926648,41.677049
-72.90574599999999,41.677049
-72.92664499999999,41.656151
-72.90574700000001,41.656151
-72.884947,41.65615
-72.98915100000001,41.677049
-72.968249,41.677049
-72.947447,41.677051
-72.968249,41.656149
-72.94744900000001,41.65615
-72.98915100000001,41.697851
-72.96825,41.697849
-72.94744799999999,41.697851
-73.259961,41.697847
-73.259958,41.677047
-73.17665599999999,41.697848
-73.155755,41.697849
-73.176655,41.677048
-73.15575699999999,41.67705
-73.239159,41.67705
-73.21825699999999,41.677049
-73.197458,41.677049
-73.239159,41.697849
-73.21825699999999,41.697848
-73.197459,41.697848
-72.801643,41.697852
-72.780742,41.697851
-72.75994,41.697852
-72.801641,41.677052
-72.780743,41.677052
-72.75994,41.677053
-72.801643,41.656152
-72.78074100000001,41.656151
-72.759941,41.656152
-72.176625,41.65615
-72.176626,41.63535
-72.239124,41.677051
-72.218225,41.67705
-72.19742599999999,41.677051
-72.239124,41.65615
-72.218225,41.656152
-72.197425,41.65615
-72.239127,41.63535
-72.218223,41.635352
-72.19742599999999,41.63535
-72.239124,41.697851
-72.218223,41.69785
-72.218226,41.55205
-72.239126,41.614551
-72.218226,41.614549
-72.197424,41.61455
-72.239126,41.593652
-72.218225,41.59365
-72.197423,41.593651
-72.239125,41.572852
-72.21822400000001,41.57285
-72.25992700000001,41.697851
-72.25992700000001,41.677051
-72.280727,41.656152
-72.25992700000001,41.65615
-72.301627,41.63535
-72.280728,41.635352
-72.25992700000001,41.63535
-72.322428,41.635349
-72.30162799999999,41.61455
-72.280725,41.614552
-72.25992700000001,41.61455
-72.280726,41.593651
-72.259928,41.593652
-72.259928,41.572852
-72.98915100000001,41.656151
-73.051649,41.69785
-73.03075200000001,41.697851
-73.00994900000001,41.69785
-73.05165100000001,41.677051
-73.030749,41.677049
-73.00995,41.677051
-73.051653,41.614551
-73.051652,41.65615
-73.03075,41.65615
-73.00995,41.65615
-73.05165100000001,41.63535
-73.03075200000001,41.635348
-73.009951,41.63535
-73.301661,41.697847
-73.28076,41.697849
-73.30166,41.677047
-73.280761,41.677047
-73.301661,41.656149
-73.280759,41.656148
-73.30166,41.635349
-73.28076,41.635348
-73.259959,41.635349
-73.30166199999999,41.614549
-73.280762,41.614548
-73.25996000000001,41.614549
-73.364164,41.677047
-73.343262,41.677047
-73.322463,41.677047
-73.364164,41.656148
-73.343261,41.656148
-73.322461,41.656149
-73.343261,41.635348
-73.32246000000001,41.635346
-73.364164,41.697847
-73.32246000000001,41.697847
-73.343261,41.614548
-73.322463,41.614546
-73.072451,41.697849
-73.114155,41.677049
-73.093253,41.67705
-73.07245399999999,41.677049
-73.09325200000001,41.656149
-73.072452,41.656148
-73.072451,41.635349
-72.884947,41.677051
-72.864144,41.677051
-72.843243,41.677051
-72.822444,41.677052
-72.864144,41.65615
-72.84324599999999,41.65615
-72.822442,41.656151
-72.42662900000001,41.614552
-72.426631,41.593651
-72.468231,41.614551
-72.44743,41.614551
-72.46823000000001,41.59365
-72.44743200000001,41.593652
-72.42663,41.656151
-72.426631,41.635352
-72.46823000000001,41.677052
-72.489132,41.65615
-72.46822899999999,41.656151
-72.44743,41.65615
-72.489131,41.635351
-72.468232,41.635351
-72.44743200000001,41.63535
-72.61413500000001,41.677053
-72.655737,41.677053
-72.63493800000001,41.67705
-72.67664000000001,41.656151
-72.655738,41.656152
-72.63493800000001,41.656152
-72.676638,41.635351
-72.69744,41.656151
-72.69743800000001,41.635352
-73.426666,41.677045
-73.40576299999999,41.677048
-73.384964,41.677047
-73.42666300000001,41.656147
-73.40576400000001,41.656147
-73.384964,41.656148
-73.426666,41.635347
-73.405766,41.635347
-73.38496499999999,41.635348
-73.364164,41.635348
-73.426664,41.614546
-73.40576400000001,41.614547
-73.384963,41.614548
-73.426666,41.593647
-73.405765,41.593648
-73.384963,41.593646
-73.426664,41.572847
-73.40576299999999,41.572847
-73.384964,41.572846
-73.364161,41.614548
-73.364164,41.593647
-73.364161,41.572846
-73.489167,41.656147
-73.468268,41.656147
-73.447467,41.656146
-73.489167,41.635347
-73.468268,41.635347
-73.447467,41.635346
-73.42666300000001,41.552047
-73.405765,41.552047
-73.426664,41.531147
-73.405765,41.531148
-73.42666300000001,41.510347
-73.40576400000001,41.510347
-73.447467,41.552046
-73.44746499999999,41.531147
-73.468268,41.614547
-73.44746600000001,41.614546
-73.468266,41.593645
-73.447464,41.593647
-73.447467,41.572846
-73.155754,41.656148
-73.13495399999999,41.656149
-73.155755,41.635349
-73.13495500000001,41.635349
-73.15575699999999,41.614549
-73.134956,41.614549
-73.134956,41.593648
-73.134953,41.572848
-73.114155,41.614548
-73.093255,41.614549
-73.07245399999999,41.614549
-73.114154,41.59365
-73.093254,41.593648
-73.072452,41.593648
-73.114155,41.57285
-73.093254,41.572848
-73.114154,41.65615
-73.114154,41.635348
-73.09325200000001,41.635349
-73.259958,41.656149
-73.17665599999999,41.65615
-73.176655,41.635347
-73.239159,41.656148
-73.218256,41.656147
-73.197456,41.656148
-73.239159,41.635349
-73.218259,41.635348
-73.197459,41.635348
-73.17665700000001,41.614548
-73.239159,41.614549
-73.218259,41.614548
-73.197458,41.614548
-73.509967,41.656146
-73.509968,41.635346
-73.50996600000001,41.614545
-73.50996600000001,41.593646
-73.509967,41.572846
-73.509969,41.552045
-73.509969,41.531146
-73.489165,41.552046
-73.468266,41.552047
-73.48916800000001,41.531147
-73.48916800000001,41.614546
-73.489167,41.593647
-73.48916800000001,41.572847
-73.468266,41.572847
-72.155722,41.656151
-72.134922,41.656152
-72.155723,41.635351
-72.134925,41.635352
-72.114125,41.635351
-72.17662300000001,41.61455
-72.155723,41.614551
-72.134925,41.614552
-72.176625,41.593651
-72.15572400000001,41.593649
-72.134922,41.59365
-72.13492599999999,41.57285
-72.114124,41.614551
-72.114124,41.593649
-72.05162300000001,41.635351
-72.114122,41.656151
-72.093223,41.656149
-72.093221,41.635349
-72.072424,41.635349
-72.051624,41.614551
-72.093223,41.614552
-72.072422,41.614549
-71.780815,41.656151
-71.780815,41.635351
-71.780815,41.614553
-72.926647,41.635349
-72.905748,41.635349
-72.884944,41.635351
-72.864144,41.635351
-72.843245,41.635351
-72.864144,41.552051
-72.864144,41.614551
-72.843244,41.614551
-72.82244300000001,41.61455
-72.864144,41.59365
-72.843243,41.59365
-72.864144,41.572851
-72.84324599999999,41.57285
-72.92664600000001,41.614549
-72.90574599999999,41.614549
-72.884945,41.614551
-72.926647,41.593651
-72.90574700000001,41.593651
-72.884945,41.59365
-72.926649,41.572848
-71.822419,41.59365
-71.86411800000001,41.572851
-71.843318,41.572851
-71.822416,41.572852
-72.48913400000001,41.55205
-72.468232,41.552051
-72.48913400000001,41.531152
-72.447431,41.531151
-72.489131,41.614551
-72.489131,41.59365
-72.48913400000001,41.57285
-72.468233,41.57285
-72.530732,41.635353
-72.50993200000001,41.635352
-72.530733,41.61455
-72.50993200000001,41.61455
-72.530734,41.593652
-72.50993200000001,41.593651
-72.551636,41.572852
-72.53073500000001,41.572852
-72.509933,41.572852
-72.55163400000001,41.552052
-72.53073600000001,41.552052
-72.509933,41.552052
-72.55163500000001,41.53115
-72.530733,41.531151
-72.509933,41.53115
-71.926619,41.635352
-71.905818,41.635349
-71.884918,41.635351
-71.968221,41.635351
-71.92662,41.614551
-71.905818,41.614552
-71.884917,41.61455
-71.926622,41.593652
-71.90581899999999,41.593649
-71.884918,41.593651
-71.926619,41.572851
-71.90582000000001,41.572852
-71.884918,41.57285
-71.92662,41.552051
-71.90582000000001,41.552051
-71.88492100000001,41.552052
-71.905821,41.531151
-71.884918,41.531149
-71.96822,41.61455
-71.947422,41.61455
-71.96821900000001,41.593651
-71.94742100000001,41.593651
-71.968222,41.572851
-71.947422,41.57285
-72.98915100000001,41.635349
-72.968248,41.635349
-72.94744799999999,41.635351
-73.009952,41.614551
-73.00994900000001,41.593649
-72.98915100000001,41.614549
-72.96824700000001,41.614549
-72.947447,41.614549
-72.98915100000001,41.593651
-72.96825,41.593648
-72.94744900000001,41.59365
-72.98915100000001,41.572848
-72.96825,41.572848
-72.94744799999999,41.57285
-72.634936,41.593652
-72.634936,41.57285
-72.55163500000001,41.635352
-72.59323500000001,41.63535
-72.572435,41.63535
-72.551633,41.614552
-72.55163400000001,41.593651
-72.614138,41.61455
-72.593234,41.614551
-72.572434,41.614551
-72.614138,41.593651
-72.593237,41.593652
-72.572436,41.593652
-72.614137,41.572852
-72.593237,41.57285
-72.572434,41.57285
-72.67663899999999,41.614552
-72.65573999999999,41.61455
-72.634939,41.614551
-72.655737,41.593652
-72.69744,41.614552
-72.655739,41.635353
-72.63493800000001,41.63535
-73.530768,41.614546
-73.530768,41.593647
-73.530767,41.572846
-73.53076900000001,41.552046
-73.53076900000001,41.531146
-72.239125,41.552052
-72.40573000000001,41.59365
-72.426632,41.572851
-72.405731,41.572851
-72.384929,41.57285
-72.42663,41.552051
-72.405732,41.552051
-72.384929,41.55205
-72.426632,41.531152
-72.40572899999999,41.531152
-72.384929,41.531151
-72.447433,41.55205
-72.447431,41.57285
-72.301627,41.593651
-72.30162799999999,41.572852
-72.280727,41.572851
-72.30162900000001,41.552051
-72.280727,41.55205
-72.259928,41.552052
-72.301627,41.53115
-72.280728,41.531151
-72.259925,41.53115
-72.36412900000001,41.55205
-72.343228,41.55205
-72.322428,41.552051
-72.36412900000001,41.531151
-72.32242700000001,41.531149
-72.32242599999999,41.61455
-72.364131,41.59365
-72.34323000000001,41.59365
-72.322428,41.593651
-72.36413,41.57285
-72.34322899999999,41.57285
-72.32242700000001,41.572851
-73.030749,41.614548
-73.05165100000001,41.593649
-73.03075,41.59365
-73.051653,41.572849
-73.03075200000001,41.57285
-73.00994900000001,41.57285
-73.05165100000001,41.55205
-73.030749,41.55205
-73.00995,41.55205
-73.051652,41.531148
-73.03075,41.531149
-73.00995,41.531148
-73.07245399999999,41.552048
-73.072452,41.531149
-73.072451,41.572848
-72.98915100000001,41.552048
-72.968249,41.552049
-72.98915100000001,41.53115
-73.259961,41.593648
-73.259958,41.572848
-73.259959,41.552047
-73.176655,41.593649
-73.155754,41.593648
-73.17665700000001,41.572849
-73.155756,41.572848
-73.176655,41.552049
-73.17665700000001,41.531147
-73.23916,41.552047
-73.21825800000001,41.552049
-73.197458,41.552047
-73.239159,41.531148
-73.21825699999999,41.531147
-73.197457,41.531148
-73.218256,41.510347
-73.197456,41.510348
-73.239159,41.593647
-73.21825800000001,41.593649
-73.197456,41.59365
-73.239159,41.572847
-73.21825800000001,41.572849
-73.197456,41.572847
-72.134923,41.53115
-72.051622,41.593649
-72.05162300000001,41.572849
-72.051624,41.552051
-72.114122,41.552052
-72.09322400000001,41.552049
-72.072424,41.552049
-72.114122,41.53115
-72.114125,41.510349
-72.093222,41.51035
-72.093223,41.59365
-72.072425,41.59365
-72.11412300000001,41.572849
-72.093222,41.57285
-72.072422,41.57285
-73.30166,41.593647
-73.280759,41.593647
-73.30166199999999,41.572847
-73.280761,41.572847
-73.30166,41.552047
-73.280759,41.552047
-73.30166199999999,41.531148
-73.280759,41.531148
-73.259959,41.531148
-73.30166,41.510348
-73.280761,41.510347
-73.32246000000001,41.552047
-73.322462,41.531148
-73.322461,41.510348
-73.34326400000001,41.593646
-73.322462,41.593647
-73.34326299999999,41.572846
-73.322461,41.572847
-72.676637,41.593651
-72.67663899999999,41.572851
-72.655738,41.572852
-72.676641,41.552051
-72.655739,41.55205
-72.634936,41.55205
-72.67663899999999,41.53115
-72.65573999999999,41.531151
-72.63493699999999,41.531151
-72.67664000000001,41.51035
-72.655738,41.510351
-72.63493699999999,41.510351
-72.73914000000001,41.552049
-72.718239,41.552051
-72.69744,41.552052
-72.739141,41.593652
-72.71824100000001,41.59365
-72.697439,41.593651
-72.739141,41.572852
-72.71823999999999,41.572851
-72.697441,41.572851
-72.614137,41.552052
-72.59323600000001,41.55205
-72.572436,41.55205
-72.614137,41.531151
-72.59323500000001,41.531151
-72.572435,41.531151
-72.614137,41.510351
-72.593238,41.510351
-72.57243699999999,41.510351
-71.780817,41.59365
-71.780817,41.572852
-71.780817,41.552051
-72.176626,41.572851
-72.155725,41.572849
-72.176624,41.552051
-72.155725,41.552052
-72.13492599999999,41.552049
-72.176625,41.531152
-72.155723,41.53115
-72.155723,41.510349
-72.13492599999999,41.51035
-72.19742700000001,41.552051
-72.218226,41.531151
-72.19742599999999,41.531149
-72.197425,41.572851
-72.78074100000001,41.572851
-72.75994300000001,41.572849
-72.801644,41.552049
-72.780742,41.552051
-72.75994300000001,41.552049
-72.801642,41.531151
-72.780743,41.53115
-72.759944,41.531151
-72.801644,41.510351
-72.780745,41.51035
-72.75994,41.510351
-72.84324599999999,41.55205
-72.82244300000001,41.552049
-72.843245,41.531149
-72.822445,41.53115
-72.822444,41.51035
-71.926622,41.531151
-71.989122,41.55205
-71.96822,41.55205
-71.94741999999999,41.552049
-71.989122,41.531151
-71.96822,41.53115
-71.947423,41.53115
-71.989121,41.51035
-71.968222,41.51035
-71.989121,41.489549
-71.96822,41.489552
-72.030722,41.552052
-72.009922,41.552051
-72.03072400000001,41.531149
-72.009923,41.531149
-72.05162300000001,41.510351
-72.03072400000001,41.510352
-72.009923,41.510351
-72.051624,41.489551
-72.03072400000001,41.489551
-72.009922,41.48955
-72.072423,41.489549
-73.15575699999999,41.552048
-73.13495399999999,41.552048
-73.155754,41.531149
-73.13495399999999,41.531149
-73.155756,41.510349
-73.13495500000001,41.510349
-73.114155,41.489548
-73.155754,41.489549
-73.134956,41.489549
-73.114155,41.55205
-73.093253,41.552048
-73.114154,41.531148
-73.09325200000001,41.531149
-73.114155,41.510348
-73.36416199999999,41.489546
-73.343262,41.489546
-73.36416199999999,41.552046
-73.34326299999999,41.552046
-73.364161,41.531147
-73.343262,41.531147
-73.36416199999999,41.510346
-73.343262,41.510346
-73.38496499999999,41.552046
-73.384961,41.531146
-73.384963,41.510346
-72.864147,41.531149
-72.864147,41.510349
-72.926647,41.552049
-72.90574599999999,41.552049
-72.884946,41.55205
-72.926649,41.53115
-72.90574700000001,41.53115
-72.884947,41.531149
-72.926647,41.51035
-72.905748,41.51035
-72.884947,41.510349
-72.94745,41.552051
-72.968248,41.53115
-72.94744900000001,41.531149
-72.926649,41.48955
-72.90574599999999,41.48955
-72.88494799999999,41.489549
-72.926647,41.468648
-72.90574599999999,41.468648
-72.884945,41.46865
-72.94744799999999,41.46865
-72.864147,41.489549
-72.05162300000001,41.531149
-72.093223,41.53115
-72.072423,41.53115
-72.072425,41.51035
-71.780815,41.531151
-71.780815,41.510352
-72.73914000000001,41.531151
-72.718242,41.53115
-72.69743800000001,41.53115
-72.73914000000001,41.510351
-72.71824100000001,41.51035
-72.697441,41.51035
-72.73914000000001,41.489551
-72.71823999999999,41.48955
-72.239125,41.53115
-72.23912799999999,41.51035
-72.239127,41.489549
-72.218227,41.48955
-72.239127,41.46865
-72.218226,41.468651
-72.239126,41.447849
-72.30162799999999,41.51035
-72.280725,41.510351
-72.259928,41.51035
-72.30163,41.489549
-72.280726,41.489551
-72.259928,41.489549
-72.30162799999999,41.46865
-72.280727,41.468649
-72.259925,41.46865
-72.30162900000001,41.44785
-72.280728,41.447851
-72.259925,41.44785
-72.426633,41.510352
-72.40573000000001,41.510352
-72.38493,41.510351
-72.468231,41.531152
-72.468234,41.510352
-72.447433,41.510351
-72.343227,41.531151
-73.280761,41.343649
-73.259959,41.343647
-73.280759,41.322848
-73.25996000000001,41.322849
-73.259961,41.302048
-72.093223,41.38535
-72.114121,41.364549
-72.093221,41.364549
-72.093221,41.343649
-72.093223,41.322851
-72.405732,41.364552
-72.384931,41.36455
-72.42663,41.34365
-72.40573000000001,41.343652
-72.38493200000001,41.343651
-72.468234,41.343653
-72.44743200000001,41.343652
-73.530768,41.364546
-73.50996499999999,41.364546
-73.530768,41.343646
-73.50996600000001,41.343646
-73.530766,41.322847
-73.509967,41.322847
-73.530768,41.302046
-73.509968,41.302046
-73.53076900000001,41.281149
-73.509968,41.281148
-73.50996600000001,41.260347
-73.48916800000001,41.302048
-73.468266,41.302049
-73.489167,41.281147
-73.468265,41.281149
-73.48916800000001,41.260349
-72.36412900000001,41.510351
-72.34323000000001,41.510351
-72.322429,41.510349
-72.426631,41.489552
-72.405731,41.489552
-72.38493,41.48955
-72.426632,41.46865
-72.405732,41.46865
-72.38493,41.468651
-72.42663,41.44785
-72.405733,41.447852
-72.38493,41.447851
-72.426631,41.427052
-72.40573000000001,41.427052
-72.468233,41.489552
-72.44743200000001,41.489551
-72.468232,41.46865
-72.447431,41.468652
-72.447433,41.447852
-72.36412799999999,41.489551
-72.34322899999999,41.48955
-72.32242700000001,41.489552
-72.36412799999999,41.468649
-72.343228,41.468651
-72.32243,41.46865
-72.364131,41.447852
-72.34323000000001,41.447851
-72.322428,41.447849
-73.530768,41.510346
-73.50996600000001,41.510345
-73.468265,41.531148
-73.489165,41.510346
-73.468265,41.510347
-73.447464,41.510346
-73.53076900000001,41.489545
-73.509968,41.489547
-73.530766,41.468645
-73.509968,41.468647
-73.530768,41.447847
-73.509969,41.447846
-73.489166,41.489545
-73.468265,41.489546
-73.447464,41.489545
-73.489165,41.468646
-73.46826400000001,41.468647
-73.44746600000001,41.468646
-73.009951,41.510348
-72.98915100000001,41.510349
-72.968248,41.51035
-72.947447,41.510349
-72.98915100000001,41.489549
-72.96824700000001,41.48955
-72.94745,41.489549
-72.96825,41.468648
-71.926619,41.51035
-71.905821,41.51035
-71.884918,41.510351
-71.94741999999999,41.510349
-71.86412,41.510352
-71.843318,41.510352
-71.92662,41.489549
-71.905821,41.489552
-71.88492100000001,41.48955
-71.92661800000001,41.468649
-71.90581899999999,41.468652
-71.884918,41.46865
-71.926619,41.447851
-71.90581899999999,41.447851
-71.884918,41.447852
-71.90582000000001,41.42705
-71.884917,41.427051
-71.947422,41.489551
-71.94742100000001,41.468651
-71.947419,41.44785
-71.80161699999999,41.489552
-71.801616,41.468652
-71.801616,41.44785
-71.80161699999999,41.427051
-71.86411699999999,41.427051
-71.843316,41.427051
-71.822417,41.427051
-71.864119,41.489551
-71.843317,41.489551
-71.822416,41.489551
-71.864119,41.468651
-71.843316,41.468651
-71.822418,41.468651
-71.86411800000001,41.44785
-71.843318,41.447852
-71.822416,41.447853
-72.176627,41.510351
-72.218225,41.510351
-72.197424,41.510352
-72.176624,41.489551
-72.15572400000001,41.489549
-72.13492599999999,41.489549
-72.176626,41.468651
-72.155725,41.46865
-72.134923,41.46865
-72.17662300000001,41.447851
-72.155726,41.447849
-72.134923,41.447849
-72.176624,41.42705
-72.155726,41.427051
-72.134923,41.427051
-72.21822400000001,41.42705
-72.197424,41.427051
-72.197425,41.489551
-72.197424,41.468649
-72.218225,41.447851
-72.19742599999999,41.447851
-72.11412300000001,41.42705
-72.114124,41.489551
-72.09322400000001,41.489549
-72.114125,41.468649
-72.09322400000001,41.46865
-72.07242100000001,41.468649
-72.114124,41.447851
-72.093222,41.447852
-73.051653,41.489548
-73.030749,41.489549
-73.009952,41.489548
-73.05165100000001,41.468649
-73.03075,41.46865
-73.00994900000001,41.468649
-73.093255,41.489549
-73.07245399999999,41.489549
-73.072452,41.46865
-73.05165100000001,41.510348
-73.03075200000001,41.510349
-73.09325200000001,41.510349
-73.072451,41.510349
-72.489133,41.510352
-72.489133,41.489552
-72.489133,41.46865
-72.489132,41.447852
-72.468231,41.447852
-72.551637,41.51035
-72.530734,41.510351
-72.509934,41.51035
-72.55163500000001,41.48955
-72.53073500000001,41.489551
-72.509934,41.48955
-72.551636,41.468651
-72.53073600000001,41.468652
-72.509934,41.468651
-72.55163400000001,41.447851
-72.530733,41.447852
-72.509935,41.447851
-72.551636,41.427051
-72.530734,41.427051
-72.509935,41.427051
-72.572435,41.427052
-72.614136,41.489551
-72.593237,41.489551
-72.572436,41.489551
-72.614136,41.468652
-72.59323600000001,41.46865
-72.572434,41.46865
-72.614136,41.447851
-72.59323500000001,41.44785
-72.57243699999999,41.447849
-72.63493800000001,41.46865
-73.426666,41.489546
-73.405765,41.489547
-73.384964,41.489548
-73.42666300000001,41.468647
-73.405762,41.468647
-73.384964,41.468646
-73.40576400000001,41.447846
-73.38496499999999,41.447848
-73.384962,41.427047
-73.36416199999999,41.468646
-73.343261,41.468647
-73.36416199999999,41.447846
-72.843244,41.510349
-72.884945,41.44785
-72.80164499999999,41.489551
-72.780742,41.48955
-72.759941,41.489551
-72.801643,41.468649
-72.780743,41.468648
-72.759941,41.468649
-72.80164499999999,41.447849
-72.780744,41.447848
-72.759942,41.447849
-72.801643,41.427049
-72.780742,41.427051
-72.759942,41.427049
-72.80164499999999,41.40615
-72.843245,41.42705
-72.822442,41.427048
-72.822445,41.406149
-72.843244,41.489549
-72.82244300000001,41.48955
-72.864147,41.468651
-72.84324700000001,41.46865
-72.822445,41.468649
-72.864147,41.44785
-72.84324599999999,41.44785
-72.822444,41.447849
-72.739143,41.468649
-72.739143,41.447849
-73.32246000000001,41.489547
-73.25996000000001,41.510348
-73.176655,41.510347
-73.239159,41.510348
-73.17665700000001,41.489547
-73.176655,41.468648
-73.17665700000001,41.447847
-73.23916,41.427047
-73.19745500000001,41.427047
-73.23916,41.489548
-73.218256,41.489547
-73.197459,41.489547
-73.239159,41.468648
-73.218259,41.468648
-73.197457,41.468648
-73.23916,41.447848
-73.218259,41.447847
-73.197456,41.447848
-73.301659,41.489547
-73.280759,41.489547
-73.259958,41.489548
-73.28076,41.468648
-73.259958,41.468649
-73.259959,41.447848
-72.676638,41.48955
-72.655739,41.489551
-72.63493699999999,41.489551
-72.67664000000001,41.468651
-72.65573999999999,41.468649
-72.676638,41.447851
-72.65574100000001,41.447849
-72.63493800000001,41.44785
-72.739143,41.427049
-72.697439,41.48955
-72.71823999999999,41.468651
-72.697442,41.468649
-72.718242,41.447851
-72.69744,41.447851
-73.114155,41.427048
-73.093253,41.427049
-73.114155,41.406149
-73.09325200000001,41.406147
-73.114155,41.468649
-73.093254,41.468647
-73.114155,41.447849
-73.093254,41.44785
-73.155755,41.468649
-73.134956,41.46865
-73.155756,41.447849
-73.13495399999999,41.447849
-73.17665599999999,41.427047
-73.155754,41.427049
-73.13495399999999,41.427049
-73.17665700000001,41.406148
-73.155755,41.406149
-73.13495500000001,41.40615
-73.155756,41.385349
-73.134956,41.385349
-71.989122,41.42705
-71.96822,41.42705
-71.94741999999999,41.427052
-71.98912300000001,41.40615
-71.96822,41.40615
-71.989121,41.468649
-71.96822,41.468649
-71.98912,41.447851
-71.968222,41.447851
-72.05162300000001,41.468651
-72.030722,41.468651
-72.009923,41.468651
-72.051624,41.44785
-72.030722,41.44785
-72.009923,41.44785
-72.051621,41.427049
-72.030723,41.427049
-72.009922,41.427052
-72.05162300000001,41.40615
-72.03072,41.40615
-72.00991999999999,41.406149
-72.09322400000001,41.427051
-72.072425,41.427051
-72.09322400000001,41.406151
-72.072424,41.406151
-72.072423,41.447851
-73.36416300000001,41.427048
-73.343261,41.427048
-73.322461,41.427047
-73.36416199999999,41.406148
-73.34326299999999,41.406148
-73.34326299999999,41.385348
-73.322462,41.385346
-73.322463,41.468648
-73.343261,41.447846
-73.322462,41.447847
-73.34326299999999,41.364547
-73.322461,41.364548
-73.343262,41.343647
-73.32246000000001,41.343648
-73.259961,41.385347
-73.21825800000001,41.427047
-73.23916,41.406148
-73.21825699999999,41.406147
-73.197457,41.406148
-73.23916,41.385347
-73.21825699999999,41.385347
-73.197456,41.385347
-73.30166,41.364549
-73.28076,41.364548
-73.259958,41.364547
-73.301661,41.343649
-73.30166,41.468648
-73.301659,41.447847
-73.280761,41.447847
-73.301661,41.427047
-73.280759,41.427047
-73.25996000000001,41.427047
-73.28076,41.406147
-73.25996000000001,41.406148
-73.301661,41.385347
-73.28075800000001,41.385349
-73.00994900000001,41.447849
-73.00995,41.427049
-73.03075,41.40615
-73.00995,41.40615
-72.98915100000001,41.42705
-72.968249,41.42705
-72.98915,41.406148
-72.968248,41.406149
-72.94744799999999,41.406148
-72.98915,41.468648
-72.98915,41.44785
-72.96825,41.447848
-73.051653,41.447849
-73.03075200000001,41.447849
-73.05165100000001,41.427048
-73.030749,41.427049
-73.07245399999999,41.427049
-73.072451,41.44785
-73.426666,41.447846
-73.426664,41.427048
-73.426666,41.406148
-73.40576299999999,41.406146
-73.426664,41.385347
-73.530767,41.427046
-73.509967,41.427045
-73.530767,41.406146
-73.509967,41.406145
-73.53076900000001,41.385347
-73.509968,41.385347
-73.489166,41.427047
-73.46826400000001,41.427048
-73.447464,41.427047
-73.489166,41.406147
-73.468267,41.406148
-73.44746600000001,41.406147
-73.489167,41.385346
-73.468267,41.385347
-73.44746600000001,41.385346
-73.489166,41.447848
-73.46826400000001,41.447846
-73.44746499999999,41.447848
-73.489167,41.364547
-73.468267,41.364548
-73.44746499999999,41.364548
-73.468266,41.343648
-73.447467,41.343648
-72.926649,41.447848
-72.905748,41.447848
-72.926647,41.427048
-72.905745,41.427048
-72.884946,41.42705
-72.926648,41.406149
-72.90574599999999,41.406149
-72.926647,41.385348
-72.905748,41.385349
-72.947446,41.42705
-72.947447,41.38535
-72.947447,41.44785
-72.864147,41.42705
-72.926648,41.364548
-72.905745,41.364548
-72.92664600000001,41.343649
-72.90574599999999,41.343649
-72.884944,41.343651
-72.96824700000001,41.364548
-72.947446,41.36455
-72.94744799999999,41.34365
-73.55167,41.406147
-73.551669,41.385346
-72.239126,41.427049
-72.239126,41.406149
-72.218227,41.406151
-72.239125,41.385349
-72.218226,41.38535
-72.239127,41.302049
-72.239124,41.364551
-72.21822400000001,41.364549
-72.19742599999999,41.36455
-72.239124,41.343648
-72.21822400000001,41.343649
-72.197425,41.34365
-72.239124,41.32285
-72.218226,41.322849
-72.197423,41.322849
-72.259925,41.427049
-72.280726,41.406151
-72.25992599999999,41.40615
-72.25992599999999,41.385349
-72.25992599999999,41.364551
-72.25992599999999,41.343649
-72.551637,41.406152
-72.55163500000001,41.385351
-72.53073600000001,41.385352
-72.61413899999999,41.427051
-72.593238,41.427049
-72.61413899999999,41.406149
-72.593237,41.40615
-72.57243699999999,41.40615
-72.59323600000001,41.38535
-72.572436,41.38535
-72.634939,41.427049
-72.551637,41.364551
-72.530737,41.364551
-72.55163500000001,41.343652
-72.53073500000001,41.343652
-72.59323500000001,41.364549
-72.57243800000001,41.364552
-72.593238,41.34365
-72.57243699999999,41.34365
-72.572435,41.32285
-72.38493,41.427051
-72.405731,41.40615
-72.384931,41.406151
-72.384931,41.385351
-72.301627,41.427049
-72.280728,41.427051
-72.30162799999999,41.40615
-72.301626,41.385349
-72.280727,41.385351
-72.364131,41.427051
-72.34322899999999,41.427051
-72.32243,41.427049
-72.364131,41.406149
-72.34322899999999,41.406151
-72.322429,41.40615
-72.36413,41.385352
-72.343228,41.385351
-72.32242700000001,41.385349
-72.301627,41.364551
-72.36413,41.364551
-72.34323000000001,41.36455
-72.322429,41.364551
-72.36413,41.343651
-72.61413899999999,41.385352
-72.67663899999999,41.427051
-72.655738,41.427049
-72.676641,41.406149
-72.655739,41.40615
-72.634939,41.40615
-72.67663899999999,41.385351
-72.65573999999999,41.38535
-72.63494,41.38535
-72.676641,41.364551
-72.655737,41.364549
-72.63494,41.364549
-72.655739,41.34365
-72.63493699999999,41.34365
-72.63493699999999,41.32285
-72.63493800000001,41.28115
-72.551637,41.26035
-72.614138,41.302051
-72.593237,41.302052
-72.614138,41.281152
-72.59323600000001,41.28115
-72.572436,41.28115
-72.61413899999999,41.364551
-72.61413899999999,41.343649
-72.614138,41.322852
-72.593237,41.32285
-72.884946,41.406151
-72.884947,41.38535
-72.86414600000001,41.406148
-72.843244,41.406148
-72.86414600000001,41.385348
-72.843244,41.38535
-72.82244300000001,41.385349
-72.884944,41.36455
-72.86414600000001,41.36455
-72.843243,41.36455
-72.822446,41.364549
-72.86414600000001,41.343648
-72.84324599999999,41.343648
-72.426633,41.40615
-72.48913500000001,41.427052
-72.468234,41.427052
-72.447431,41.427051
-72.48913500000001,41.40615
-72.468233,41.40615
-72.447433,41.406152
-72.48913500000001,41.385353
-72.468232,41.385352
-72.53073500000001,41.406152
-72.509935,41.406152
-72.509936,41.385351
-72.718242,41.42705
-72.697439,41.427051
-72.71824100000001,41.406149
-72.697441,41.406149
-72.739143,41.385349
-72.71823999999999,41.385348
-72.69744,41.385349
-72.67663899999999,41.343649
-72.67664000000001,41.322851
-72.65573999999999,41.32285
-72.676638,41.302051
-72.65573999999999,41.302049
-72.63493699999999,41.302049
-72.67664000000001,41.281148
-72.655738,41.28115
-72.739142,41.302049
-72.71824100000001,41.30205
-72.697441,41.302048
-72.71823999999999,41.281148
-72.69744,41.281149
-72.697442,41.260348
-72.739143,41.364549
-72.718239,41.364551
-72.697442,41.364548
-72.739142,41.34365
-72.718242,41.343649
-72.69744,41.343649
-72.739142,41.322849
-72.71824100000001,41.322848
-72.697439,41.322849
-73.405762,41.427048
-73.384963,41.406148
-73.405765,41.385348
-73.384964,41.385347
-73.36416300000001,41.385347
-73.42666300000001,41.364546
-73.40576299999999,41.364547
-73.38496499999999,41.364548
-73.426665,41.343646
-73.40576400000001,41.343647
-73.38496499999999,41.343649
-73.36416300000001,41.364546
-72.176626,41.406151
-72.15572400000001,41.406151
-72.134923,41.406149
-72.176624,41.38535
-72.15572400000001,41.385351
-72.134923,41.385351
-72.19742700000001,41.406151
-72.197425,41.38535
-72.11412300000001,41.406151
-72.114122,41.38535
-72.176625,41.364549
-72.155725,41.36455
-72.134923,41.36455
-72.155722,41.34365
-72.134924,41.34365
-72.155723,41.322849
-72.134924,41.322849
-72.134923,41.302051
-72.11412300000001,41.30205
-72.114121,41.343649
-72.114124,41.322851
-72.780743,41.406149
-72.75994300000001,41.40615
-72.801643,41.385349
-72.780744,41.385349
-72.75994300000001,41.385349
-72.739143,41.40615
-72.801644,41.364549
-72.78074100000001,41.364548
-72.759944,41.364549
-72.801642,41.34365
-72.780742,41.343649
-72.759941,41.34365
-72.780743,41.322848
-72.759941,41.322849
-72.82244300000001,41.322849
-73.322463,41.406147
-73.301659,41.406147
-73.051652,41.406149
-73.05165100000001,41.385349
-73.072452,41.406147
-73.114155,41.385348
-73.09325200000001,41.38535
-73.072451,41.38535
-73.134953,41.364549
-73.114155,41.364548
-73.09325200000001,41.364549
-73.07245,41.364549
-73.051653,41.364548
-71.801844,41.405983
-71.822416,41.406151
-71.822414,41.385352
-71.82241500000001,41.364551
-71.822414,41.343653
-71.84331400000001,41.322851
-71.822416,41.322851
-71.989122,41.385352
-71.968222,41.385351
-71.989121,41.364551
-71.96822,41.36455
-71.989121,41.343651
-71.98912,41.322852
-72.05162,41.385351
-72.030721,41.385351
-72.009923,41.385351
-72.07242100000001,41.38535
-72.051621,41.36455
-72.030721,41.36455
-72.009923,41.36455
-72.05162300000001,41.343651
-72.030722,41.34365
-72.00991999999999,41.34365
-72.05162,41.322849
-72.030723,41.322852
-72.009919,41.322851
-72.072423,41.364552
-72.426631,41.38535
-72.405732,41.385352
-72.44743200000001,41.385352
-72.509936,41.364551
-72.426632,41.364552
-72.48913400000001,41.364552
-72.46823500000001,41.364552
-72.447434,41.364551
-72.48913400000001,41.343653
-73.03075200000001,41.385349
-73.009951,41.385349
-73.00994799999999,41.343649
-73.03075200000001,41.322849
-73.00994900000001,41.322849
-73.030749,41.364549
-73.00994799999999,41.364549
-73.03075,41.34365
-72.98915,41.38535
-72.968248,41.385348
-72.98915,41.36455
-72.98915,41.343648
-73.176658,41.364549
-73.176655,41.343647
-73.23915700000001,41.302048
-73.218259,41.302048
-73.23915700000001,41.364547
-73.21825699999999,41.364549
-73.19745500000001,41.36455
-73.23916,41.343647
-73.218256,41.343649
-73.197458,41.343647
-73.23916,41.322849
-73.218259,41.322848
-73.197457,41.322849
-73.17665599999999,41.385347
-73.468265,41.260347
-73.489167,41.343647
-73.489167,41.322846
-73.468266,41.322847
-73.155754,41.364548
-73.155755,41.343649
-73.134953,41.343649
-73.176658,41.322849
-73.15575699999999,41.322848
-73.13495399999999,41.322848
-73.17665599999999,41.302048
-73.155754,41.302047
-73.13495500000001,41.302048
-73.17665700000001,41.281149
-73.155755,41.281148
-73.13495500000001,41.281148
-73.134956,41.26035
-73.197456,41.302048
-73.114155,41.30205
-73.093254,41.302048
-73.07245,41.302048
-73.114155,41.281147
-73.093253,41.281149
-73.09325200000001,41.260348
-73.114155,41.322848
-72.176624,41.322851
-72.176625,41.30205
-72.218225,41.30205
-72.197425,41.302051
-72.239127,41.28115
-72.21822400000001,41.281151
-72.197424,41.281151
-72.17662300000001,41.343649
-73.55166800000001,41.364547
-73.551669,41.343647
-73.55166800000001,41.322846
-73.551667,41.302047
-72.072422,41.343652
-72.072424,41.322851
-72.280727,41.36455
-72.30162900000001,41.343649
-72.280725,41.343651
-72.301627,41.322851
-72.280726,41.32285
-72.25992599999999,41.322851
-72.30162799999999,41.30205
-72.280726,41.302049
-72.25992599999999,41.30205
-72.301626,41.281151
-72.32242700000001,41.30205
-72.34322899999999,41.343651
-72.32242700000001,41.343649
-72.343228,41.32285
-72.322429,41.322851
-72.07242100000001,41.302049
-72.093221,41.30205
-72.884946,41.28115
-72.884947,41.260349
-72.86414600000001,41.30205
-72.843245,41.30205
-72.86414600000001,41.281148
-72.86414600000001,41.26035
-72.822444,41.343649
-72.86414600000001,41.322848
-72.843245,41.32285
-73.093254,41.34365
-73.072453,41.34365
-73.05165100000001,41.343649
-72.051621,41.302051
-72.03071900000001,41.302051
-72.009919,41.30205
-73.051653,41.322848
-73.114155,41.343648
-73.093254,41.322849
-73.072451,41.322849
-73.42666300000001,41.322848
-73.405766,41.322849
-73.384963,41.322848
-73.426666,41.302047
-73.40576400000001,41.302047
-73.384964,41.302047
-73.42666300000001,41.281147
-73.40576400000001,41.281147
-73.384964,41.281147
-73.426666,41.260348
-73.364164,41.302047
-73.343262,41.302048
-73.322462,41.302047
-73.36416300000001,41.281147
-73.36416300000001,41.343647
-73.36416300000001,41.322848
-73.343262,41.322849
-73.44746600000001,41.302048
-73.447464,41.281148
-73.44746600000001,41.322847
-72.926648,41.322848
-72.90574700000001,41.322848
-72.884945,41.32285
-72.92664600000001,41.30205
-72.905745,41.302048
-72.884946,41.302049
-72.947446,41.302049
-72.96824599999999,41.343648
-72.989147,41.32285
-72.968249,41.322848
-72.947447,41.32285
-72.509936,41.343652
-72.426632,41.322852
-72.426631,41.281152
-72.48913400000001,41.302052
-72.468232,41.302051
-72.447433,41.302051
-72.48913400000001,41.281152
-72.46823500000001,41.281152
-72.447431,41.281151
-72.48913400000001,41.322852
-72.468233,41.322852
-72.447434,41.322851
-71.96821799999999,41.322852
-72.405731,41.322852
-72.38493200000001,41.32285
-72.426633,41.302051
-72.405732,41.302051
-72.38493200000001,41.30205
-72.405733,41.281151
-72.384929,41.28115
-72.36412900000001,41.30205
-72.36412900000001,41.28115
-72.36412900000001,41.322851
-72.551636,41.322851
-72.53073500000001,41.322851
-72.50993699999999,41.322851
-72.551638,41.302051
-72.53073600000001,41.302051
-72.50993699999999,41.30205
-72.551636,41.281151
-72.530737,41.281151
-72.509934,41.281151
-72.509934,41.260353
-72.57243699999999,41.302052
-72.155723,41.302051
-73.343261,41.281148
-73.32246000000001,41.281147
-73.343261,41.260347
-73.322463,41.260348
-73.322463,41.322847
-73.301661,41.239548
-73.280761,41.239548
-73.259959,41.239549
-73.30166199999999,41.218648
-73.259959,41.218649
-73.30166,41.322848
-73.30166199999999,41.302047
-73.28076,41.302047
-73.30166,41.281147
-73.280761,41.281147
-73.30166199999999,41.260349
-73.280759,41.260349
-73.259958,41.260347
-73.322462,41.239547
-73.322461,41.218647
-73.23915700000001,41.239549
-72.801644,41.322849
-72.801642,41.302049
-72.78074100000001,41.302048
-72.759941,41.302049
-72.801644,41.281149
-72.780742,41.281149
-72.759942,41.28115
-72.801642,41.260349
-72.822445,41.302048
-72.843244,41.28115
-72.822444,41.281149
-72.843243,41.26035
-72.739142,41.281149
-72.280727,41.281149
-72.25992700000001,41.28115
-72.343227,41.302049
-72.32242599999999,41.281151
-72.40573000000001,41.260351
-72.384929,41.260352
-72.34323000000001,41.28115
-72.36412799999999,41.26035
-72.34322899999999,41.260351
-73.05165100000001,41.30205
-73.030749,41.302048
-73.00995,41.302048
-73.051652,41.281148
-73.03075,41.281149
-73.00995,41.281149
-73.05165100000001,41.26035
-73.030748,41.260348
-73.009947,41.260348
-73.072453,41.281149
-72.989147,41.30205
-72.98914600000001,41.28115
-73.55166800000001,41.281147
-73.530767,41.260347
-73.509967,41.239548
-73.509967,41.218648
-73.489165,41.218647
-72.968249,41.30205
-72.968248,41.281148
-72.94744799999999,41.28115
-72.989147,41.260349
-72.968248,41.26035
-72.947447,41.260349
-72.989147,41.239549
-73.17665599999999,41.260348
-73.15575699999999,41.26035
-73.23916,41.281148
-73.21825800000001,41.281148
-73.197458,41.281149
-73.23915700000001,41.260348
-73.21825800000001,41.260347
-73.197457,41.260348
-73.259961,41.281148
-73.176654,41.23955
-73.155755,41.239549
-73.21825800000001,41.239549
-73.197456,41.23955
-72.926648,41.281148
-72.90574599999999,41.281148
-72.90574700000001,41.26035
-72.905745,41.23955
-72.780743,41.260348
-72.759942,41.260349
-72.82244300000001,41.260348
-72.739142,41.260349
-72.801644,41.239548
-72.75994300000001,41.239548
-72.843243,41.239549
-72.822445,41.239548
-72.676641,41.260351
-72.655739,41.260349
-72.718239,41.26035
-72.67674599999999,41.218801
-72.65593,41.218786
-72.67677000000001,41.198072
-72.739142,41.239548
-72.718242,41.23955
-72.697441,41.23955
-72.53073500000001,41.260351
-72.489133,41.260351
-72.92664600000001,41.26035
-72.96824700000001,41.239549
-72.468234,41.260351
-73.072452,41.260348
-73.051649,41.239549
-73.030749,41.23955
-73.00994799999999,41.23955
-73.05165100000001,41.21865
-73.03075,41.218651
-73.00994799999999,41.21865
-73.09325200000001,41.23955
-73.072451,41.23955
-73.093251,41.21865
-73.072453,41.21865
-73.093251,41.197849
-73.072452,41.19785
-72.63493800000001,41.260349
-72.614138,41.260351
-72.593239,41.260352
-72.57243800000001,41.260352
-73.40576299999999,41.260349
-73.38496499999999,41.260348
-73.364164,41.260349
-73.40576400000001,41.239548
-73.384962,41.239547
-73.384963,41.218647
-73.384964,41.197848
-73.364164,41.239548
-73.343261,41.239548
-73.364164,41.218648
-73.34326299999999,41.218648
-73.364161,41.197849
-73.34326299999999,41.197847
-72.88494300000001,41.239549
-72.86414600000001,41.239549
-73.11415100000001,41.260349
-73.134953,41.239549
-73.155756,41.218649
-73.134953,41.218649
-73.13495399999999,41.197848
-73.155755,41.17705
-73.13495500000001,41.17705
-73.11415100000001,41.15615
-73.114152,41.239549
-73.11415100000001,41.218649
-73.447463,41.260347
-73.426664,41.239547
-73.426666,41.218647
-73.405765,41.218648
-73.426665,41.197848
-73.40576299999999,41.197849
-73.42666300000001,41.177049
-73.405761,41.177048
-73.384961,41.177047
-73.447463,41.177048
-73.44746499999999,41.156148
-73.489165,41.239547
-73.468265,41.239549
-73.44746600000001,41.239548
-73.46826400000001,41.218648
-73.44746499999999,41.218648
-73.46826400000001,41.197847
-73.447464,41.197847
-73.530768,41.197849
-73.59327,41.177048
-73.572469,41.177049
-73.614171,41.156148
-72.98914600000001,41.218649
-73.051649,41.197849
-73.030748,41.19785
-73.00994900000001,41.19785
-73.09325,41.177049
-73.28075800000001,41.218648
-73.301661,41.197849
-73.28076,41.19785
-73.25996000000001,41.197848
-73.301659,41.177051
-73.28075800000001,41.177048
-73.259958,41.17705
-73.301661,41.156148
-73.28075800000001,41.156148
-73.259958,41.15615
-73.28076,41.13535
-73.259959,41.135349
-73.322459,41.177048
-73.32246000000001,41.197849
-73.239158,41.177047
-73.23915700000001,41.15615
-73.23915700000001,41.218649
-73.23915700000001,41.197848
-73.17665599999999,41.21865
-73.176654,41.197849
-73.155753,41.197848
-73.17665599999999,41.177048
-73.218256,41.17705
-73.197456,41.177048
-73.21825699999999,41.218649
-73.197458,41.21865
-73.218256,41.197848
-73.197457,41.197849
-73.50996499999999,41.197847
-73.551669,41.177048
-73.530767,41.177048
-73.50996600000001,41.177048
-73.530767,41.156147
-73.50996600000001,41.156147
-73.509967,41.135348
-73.489166,41.177047
-73.46826400000001,41.177048
-73.489165,41.156149
-73.468266,41.156148
-73.489166,41.135348
-73.46826299999999,41.135349
-73.489165,41.197848
-73.50996499999999,41.11455
-73.489167,41.114549
-73.093253,41.156149
-73.114152,41.197848
-73.301659,41.13535
-73.384961,41.15615
-73.364161,41.177048
-73.343259,41.177049
-73.364161,41.156148
-73.343262,41.156149
-73.322461,41.156148
-73.364161,41.135349
-73.343262,41.13535
-73.322461,41.135349
-73.36416199999999,41.114548
-73.634969,41.156148
-73.676672,41.135348
-73.655772,41.135348
-73.718273,41.11455
-73.718272,41.072849
-73.114152,41.17705
-73.551666,41.156148
-73.551669,41.135349
-73.530765,41.135348
-73.59326900000001,41.156148
-73.572467,41.156148
-73.614169,41.135349
-73.59326900000001,41.135349
-73.572467,41.135349
-73.55166800000001,41.114547
-73.530767,41.114549
-73.551665,41.093649
-73.53076400000001,41.093649
-73.55166800000001,41.072848
-73.530766,41.07285
-73.551667,41.052049
-73.530765,41.052048
-73.509964,41.052048
-73.55166800000001,41.031148
-73.530765,41.03115
-73.59326900000001,41.11455
-73.57246600000001,41.114548
-73.593268,41.093649
-73.572468,41.09365
-73.572468,41.072848
-73.176654,41.156148
-73.218255,41.15615
-73.19745500000001,41.156148
-73.218255,41.135349
-73.426665,41.156149
-73.405762,41.156148
-73.42666300000001,41.135348
-73.40576400000001,41.135349
-73.384963,41.135348
-73.44746499999999,41.135349
-73.42666199999999,41.114549
-73.405762,41.114547
-73.38496000000001,41.11455
-73.42666300000001,41.093649
-73.42666199999999,41.07285
-73.46826299999999,41.114548
-73.447464,41.114547
-73.447463,41.09365
-73.447462,41.072848
-73.155756,41.15615
-73.134952,41.15615
-73.28075800000001,41.114549
-73.259956,41.11455
-73.239158,41.135349
-73.65576900000001,40.98955
-73.63497,41.135349
-73.676671,41.114549
-73.655771,41.114549
-73.63497200000001,41.114547
-73.67667299999999,41.093648
-73.655771,41.093648
-73.63497200000001,41.093649
-73.676672,41.072849
-73.65577,41.072849
-73.63497,41.07285
-73.676671,41.052049
-73.655772,41.05205
-73.63497099999999,41.052048
-73.65576900000001,41.031149
-73.63497099999999,41.03115
-73.634969,41.010351
-73.697474,41.114548
-73.718272,41.093649
-73.69747200000001,41.093647
-73.69747200000001,41.072848
-73.61417,41.052048
-73.593268,41.052048
-73.572467,41.052049
-73.61417,41.03115
-73.614167,41.010348
-73.614169,41.114547
-73.614169,41.093649
-73.61417,41.07285
-73.593268,41.07285
-73.301658,41.114549
-73.343262,41.114549
-73.32246000000001,41.114548
-73.364161,41.093648
-73.343261,41.093649
-73.36416199999999,41.072849
-73.50996499999999,41.093649
-73.509967,41.07285
-73.489164,41.052048
-73.489166,41.093648
-73.468265,41.09365
-73.48916300000001,41.072849
-73.468265,41.072848
-73.40576299999999,41.09365
-73.405761,41.072848
-73.384961,41.072848
-73.426661,41.052048
-73.40576299999999,41.05205
-73.384962,41.052049
-73.38496000000001,41.093649
-73.697473,41.03115
-73.676672,41.031148
-73.69747200000001,41.052049
-73.468262,41.05205
-73.447461,41.05205
-73.48916300000001,41.03115
-73.46826400000001,41.031149
-73.509964,41.031148
-73.551667,41.010349
-73.53076400000001,41.010348
-73.593267,41.03115
-73.593267,41.010348
-73.57246499999999,41.010349
-73.57246600000001,41.031148
-73.676671,41.010349
-73.655771,41.010349
-71.92662,41.42705
-71.92661800000001,41.40615
-71.905817,41.40615
-71.884918,41.406151
-71.926619,41.385351
-71.905817,41.385351
-71.884917,41.385352
-71.947419,41.406152
-71.94741999999999,41.385351
-71.86411699999999,41.406151
-71.843316,41.406151
-71.864116,41.385352
-71.843318,41.385352
-71.92662,41.36455
-71.905818,41.364553
-71.884917,41.36455
-71.92661800000001,41.343653
-71.90581899999999,41.343652
-71.947418,41.364552
-71.947417,41.343652
-71.86411800000001,41.364551
-71.843316,41.36455
-71.864115,41.343651
-71.843316,41.343653
-71.884918,41.34365
-71.86411800000001,41.322852
-71.926619,41.322851
-71.90581899999999,41.322851
-71.96822,41.34365
-71.947419,41.32285
-71.884917,41.322851
