-73.346058,41.147936
-73.334289,41.152856
-73.345274,41.165293
-73.347307,41.156019
-73.348724,41.145491
-73.350681,41.136186
-73.351241,41.126950
-73.280967,41.152717
-73.643482,41.034096
-73.630956,41.038918
-73.605154,41.047640
-73.618245,41.042738
-73.592705,41.052483
-73.580466,41.057122
-73.567104,41.060660
-73.553876,41.065531
-73.542352,41.069830
-73.529492,41.074124
-73.661438,41.010466
-73.635351,41.020072
-73.648504,41.015066
-73.510696,41.078418
-73.503033,41.080991
-73.490127,41.085901
-73.478026,41.090685
-73.462635,41.092598
-73.450583,41.097025
-73.437394,41.100764
-73.422461,41.104370
-73.409664,41.109762
-73.395706,41.112643
-73.384339,41.117625
-73.371743,41.120896
-73.358633,41.125884
-73.344995,41.131273
-73.320341,41.139919
-73.333310,41.135508
-73.307443,41.144099
-73.373354,41.138813
-73.360164,41.143687
-73.294096,41.148055
-73.268060,41.156492
-73.254776,41.160497
-73.240361,41.165191
-73.229501,41.170098
-73.216364,41.174269
-73.202174,41.179586
-73.189196,41.185355
-73.176660,41.189576
-73.160761,41.193311
-73.158185,41.191554
-73.147351,41.199459
-73.132680,41.199507
-73.094812,41.213467
-73.080755,41.218768
-73.105545,41.210060
-73.119220,41.203543
-73.069413,41.222231
-73.056119,41.225663
-73.042406,41.230370
-73.015196,41.238861
-73.028416,41.234298
-73.000591,41.244182
-72.987364,41.247754
-72.960499,41.257012
-72.974499,41.252011
-72.951106,41.257772
-72.936041,41.262544
-73.386631,41.135273
-73.399882,41.130788
-73.426801,41.123401
-73.414771,41.127523
-73.654985,41.030132
-73.621674,41.024924
-73.607908,41.028802
-73.595360,41.033585
-73.581588,41.037288
-73.568568,41.040870
-73.554575,41.045258
-73.540882,41.049700
-73.528242,41.053789
-73.514478,41.058914
-73.501002,41.062949
-73.487762,41.067896
-73.473976,41.071529
-73.459747,41.076250
-73.444965,41.078914
-73.431332,41.083170
-73.416798,41.088173
-73.404517,41.091961
-73.390569,41.095471
-73.374507,41.099391
-73.361950,41.105583
-73.348823,41.110596
-73.331631,41.115660
-73.315880,41.121514
-73.300428,41.127307
-73.286475,41.130486
-73.274562,41.134887
-73.259021,41.139875
-73.243994,41.143086
-73.230419,41.148575
-73.217286,41.152632
-73.203636,41.158805
-73.191034,41.163543
-73.175938,41.169204
-73.160692,41.175321
-73.143664,41.175152
-73.129764,41.179430
-73.116392,41.183591
-73.103929,41.188204
-73.091313,41.192702
-73.076801,41.196976
-73.047771,41.205575
-73.061420,41.202693
-73.034916,41.209095
-73.020548,41.213533
-73.007469,41.218709
-72.994230,41.222111
-73.650335,40.993514
-73.637729,40.998930
-73.625118,41.004003
-73.598659,41.012494
-73.611729,41.007593
-73.585951,41.016419
-73.572801,41.021318
-73.559575,41.026330
-73.546250,41.029568
-73.532257,41.033897
-73.518497,41.038908
-73.505083,41.041399
-73.489119,41.045506
-73.474750,41.050687
-73.460206,41.053752
-73.446437,41.058868
-73.431749,41.063017
-73.416463,41.067910
-73.404194,41.072498
-73.391538,41.076344
-73.378357,41.080763
-73.351761,41.089369
-73.365706,41.085463
-73.337900,41.094358
-73.636112,40.999100
-73.615820,41.004120
-73.604725,41.009922
-73.190743,41.201544
-73.203127,41.196864
-73.229853,41.187149
-73.242156,41.182580
-73.217172,41.192005
-73.178887,41.206049
-73.184534,41.214947
-73.172297,41.219624
-73.159380,41.224645
-73.201603,41.208591
-73.162765,41.210809
-73.149302,41.214606
-73.122216,41.220964
-73.135168,41.218068
-73.108302,41.224478
-73.095283,41.229218
-73.081374,41.234352
-73.070645,41.238243
-73.056794,41.240575
-73.044213,41.245365
-73.030070,41.249373
-73.016743,41.254161
-73.003929,41.257548
-72.990374,41.261494
-72.978376,41.265995
-72.964072,41.268933
-72.969443,41.285733
-72.938738,41.279273
-72.924356,41.282373
-72.911606,41.285973
-73.049217,41.315480
-73.052436,41.305442
-73.055528,41.294401
-73.059222,41.283085
-72.825425,41.293157
-72.812088,41.294146
-72.798896,41.293695
-72.780600,41.294567
-72.770289,41.293883
-72.757098,41.293828
-72.744437,41.294057
-72.729402,41.295070
-72.521907,41.259463
-72.508117,41.259377
-72.492659,41.259401
-72.477770,41.259586
-72.463437,41.262296
-72.446991,41.262825
-72.539009,41.311665
-72.523697,41.310820
-72.512475,41.310398
-72.499788,41.310573
-72.488418,41.309461
-72.476097,41.311160
-73.062074,41.272865
-73.065647,41.262004
-73.075267,41.252495
-73.079081,41.242089
-72.898604,41.262692
-72.887466,41.263564
-72.871834,41.263050
-72.856114,41.262908
-72.843720,41.262562
-72.829020,41.262859
-72.815448,41.263743
-72.801505,41.264780
-72.789305,41.264842
-72.773694,41.262788
-72.755642,41.260066
-72.740707,41.259431
-72.725325,41.258800
-72.711990,41.257881
-72.696988,41.257475
-72.682894,41.257525
-72.578937,41.571791
-72.591178,41.571871
-72.605748,41.573078
-72.619653,41.574283
-72.633061,41.574360
-72.650882,41.574564
-72.662956,41.575575
-72.678364,41.574522
-72.695519,41.575282
-72.720505,41.591062
-72.706594,41.590807
-72.692933,41.590864
-72.678846,41.590719
-72.664437,41.589083
-72.650527,41.589009
-72.637116,41.588872
-72.045012,41.326903
-72.029340,41.327815
-72.015773,41.327729
-72.001955,41.327514
-71.986983,41.325774
-71.973751,41.325748
-71.959432,41.325524
-71.945781,41.325429
-71.931795,41.325330
-72.179268,41.325714
-72.177674,41.334571
-72.179150,41.347647
-72.178897,41.357495
-72.178636,41.368037
-72.178287,41.379147
-72.159500,41.389658
-73.081841,41.238525
-73.088345,41.225873
-73.083069,41.236735
-73.077715,41.247374
-73.073394,41.257394
-73.070704,41.267745
-72.952817,41.274717
-72.953169,41.293482
-72.942780,41.310425
-72.942130,41.321233
-72.942370,41.299905
-72.942412,41.288413
-72.943618,41.286009
-72.944619,41.331867
-72.941489,41.342087
-72.940750,41.353626
-72.931879,41.341075
-72.934135,41.314008
-72.919708,41.344568
-72.895853,41.352618
-72.880855,41.355408
-72.954441,41.312348
-72.958759,41.310739
-72.944215,41.316082
-72.904378,41.327726
-72.929745,41.321538
-72.889942,41.332198
-72.879329,41.335641
-72.865986,41.340229
-72.853702,41.344358
-72.852889,41.349366
-72.857549,41.338170
-72.862337,41.326430
-72.871437,41.321490
-72.845237,41.357206
-72.840699,41.368130
-72.849693,41.399500
-72.854614,41.388637
-72.858849,41.379142
-72.864446,41.367244
-72.868906,41.357634
-72.872911,41.348596
-72.877672,41.338470
-72.823322,41.306280
-72.806946,41.309148
-72.795952,41.310983
-72.782000,41.313389
-72.767971,41.315908
-72.892638,41.292533
-72.914014,41.309039
-72.900371,41.311803
-72.887337,41.316565
-72.875210,41.320352
-72.861263,41.324598
-72.939085,41.299281
-72.925602,41.304105
-72.877226,41.292821
-72.865168,41.290604
-72.844053,41.295421
-72.854812,41.295428
-72.713784,41.295123
-72.700062,41.295118
-72.686113,41.294139
-72.673148,41.295217
-72.684113,41.310183
-72.663545,41.294276
-72.651113,41.293351
-72.636556,41.294253
-72.625033,41.293783
-72.611387,41.293711
-72.604791,41.293645
-72.583792,41.293502
-72.905177,41.278927
-72.892447,41.280659
-72.876399,41.280545
-72.863362,41.280502
-72.848885,41.280744
-72.835015,41.281670
-72.824556,41.282077
-72.659793,41.294477
-72.671066,41.313091
-72.658351,41.313780
-72.644852,41.314055
-72.630816,41.317186
-72.618108,41.319232
-72.636002,41.305683
-72.645917,41.316956
-72.655766,41.322406
-72.666686,41.330089
-72.683862,41.336757
-72.690532,41.343164
-72.656294,41.222173
-72.645491,41.224525
-72.634316,41.226145
-72.896680,41.277243
-72.880385,41.277205
-72.866665,41.276877
-72.852746,41.278047
-72.840239,41.277886
-72.826597,41.278239
-72.812299,41.279098
-72.798208,41.279333
-72.783481,41.279569
-72.755101,41.279674
-72.767013,41.279665
-72.743049,41.277501
-72.729634,41.276470
-72.714269,41.275912
-72.699338,41.275963
-72.688425,41.275558
-72.675616,41.275493
-72.662733,41.274569
-72.645225,41.274897
-72.629914,41.275797
-72.615362,41.275838
-72.600433,41.274676
-72.586035,41.274027
-72.570118,41.274347
-72.556725,41.277013
-72.543230,41.278133
-72.668423,41.257172
-72.653648,41.256761
-72.569638,41.293376
-72.559702,41.294847
-72.546049,41.297110
-72.532469,41.297164
-72.519203,41.296026
-72.506159,41.297029
-72.492437,41.296884
-72.478108,41.296966
-72.464989,41.297620
-72.450588,41.296554
-72.435196,41.296799
-72.417761,41.296292
-72.405941,41.294999
-72.392816,41.296560
-72.378810,41.293085
-72.364306,41.287734
-72.354119,41.289653
-72.528526,41.278220
-72.514277,41.278191
-72.501235,41.279593
-72.489112,41.278422
-72.469058,41.268030
-72.454416,41.269023
-72.440948,41.271246
-72.427077,41.271780
-72.411090,41.270990
-72.397602,41.270492
-72.387242,41.270678
-72.372829,41.273033
-72.358820,41.271099
-72.345850,41.270998
-72.332545,41.272633
-72.315404,41.274456
-72.535243,41.259546
-72.462674,41.310002
-72.448206,41.309087
-72.433487,41.308496
-72.423266,41.311015
-72.411931,41.309822
-72.396358,41.309547
-72.384303,41.309280
-72.371678,41.307779
-72.361474,41.307511
-72.350495,41.306395
-72.376161,41.329050
-72.361496,41.331021
-72.071024,41.398814
-72.070487,41.410112
-72.069868,41.421156
-72.069986,41.433973
-72.070537,41.445467
-72.071000,41.457402
-72.070652,41.466554
-72.066907,41.479537
-72.066537,41.490710
-72.066261,41.501062
-72.065976,41.512109
-72.065950,41.522589
-72.065673,41.532878
-72.064050,41.543411
-72.063774,41.553637
-72.076927,41.488555
-72.069731,41.494886
-72.060857,41.502575
-72.050779,41.511389
-72.043257,41.518133
-72.340389,41.328160
-72.329406,41.330255
-72.311860,41.329427
-72.297759,41.328229
-72.280612,41.328846
-72.266803,41.329360
-72.249592,41.328257
-72.221034,41.330502
-72.335636,41.305885
-72.324298,41.304601
-72.311230,41.303207
-72.302683,41.304543
-72.292958,41.304371
-72.281541,41.305015
-72.268751,41.304773
-72.253602,41.305361
-72.242041,41.307099
-72.234229,41.309837
-72.346386,41.289740
-72.329579,41.286306
-72.317511,41.286282
-72.303030,41.286684
-72.289271,41.286081
-72.275688,41.286813
-72.261807,41.287898
-72.247880,41.290813
-72.234757,41.291727
-72.340449,41.326403
-72.349173,41.333725
-72.356365,41.340565
-72.365444,41.349591
-72.373632,41.356705
-72.383621,41.365528
-72.392263,41.373119
-72.399628,41.384106
-72.412807,41.390006
-72.624789,42.004338
-72.623825,42.014493
-72.622380,42.024184
-72.620430,42.032491
-72.618823,42.045527
-72.217366,41.296581
-72.198849,41.294574
-72.184128,41.294845
-72.171964,41.293757
-72.218235,41.309954
-72.202460,41.310083
-72.194664,41.309941
-72.177328,41.310360
-72.169719,41.311092
-72.154259,41.305317
-72.139694,41.303675
-72.126897,41.305819
-72.115343,41.305755
-72.103689,41.307395
-72.093483,41.306453
-72.234112,41.329046
-72.207059,41.329047
-72.192989,41.328854
-72.176321,41.328898
-72.161498,41.328696
-72.147442,41.327045
-72.133964,41.326468
-72.120409,41.325069
-72.106928,41.324805
-72.090429,41.324711
-72.075735,41.328350
-72.061163,41.328264
-72.421549,41.397186
-72.430379,41.404980
-72.436762,41.413924
-72.446047,41.422194
-72.305657,41.324638
-72.314279,41.333053
-72.323449,41.341060
-72.330103,41.346809
-72.340177,41.355295
-72.346272,41.364108
-72.354821,41.371361
-72.363372,41.378681
-72.372284,41.386411
-72.381468,41.394414
-72.388671,41.400911
-72.401040,41.406605
-72.410952,41.415016
-72.418363,41.422538
-72.428369,41.431153
-72.438561,41.439563
-72.447223,41.446264
-72.457332,41.453786
-72.464277,41.460686
-72.473493,41.466228
-72.480806,41.472242
-72.488843,41.479007
-72.499769,41.488707
-72.508441,41.496222
-72.517117,41.503326
-72.527431,41.509003
-72.535480,41.514810
-72.545246,41.523005
-72.555929,41.530106
-72.561163,41.536933
-72.570758,41.543831
-72.576952,41.549697
-72.534702,41.515715
-72.540028,41.525326
-72.541557,41.536725
-72.542511,41.547938
-72.540992,41.558713
-72.299052,41.344234
-72.309921,41.353444
-72.318995,41.361221
-72.327580,41.368562
-72.336086,41.375593
-72.345412,41.383492
-72.354577,41.391081
-72.365545,41.400286
-72.376606,41.408065
-72.386105,41.416024
-72.396179,41.424666
-72.404778,41.432744
-72.412557,41.440448
-72.421829,41.446235
-72.430355,41.453506
-72.439786,41.461399
-72.447987,41.468482
-72.455362,41.476491
-72.466199,41.484571
-72.476131,41.492833
-72.484751,41.500224
-72.491650,41.505629
-72.500434,41.514134
-72.509553,41.521772
-72.519003,41.529782
-72.528455,41.537667
-72.331698,41.401354
-72.339368,41.408251
-72.348530,41.415591
-72.359688,41.422686
-72.565774,41.571587
-72.622123,41.588794
-72.608878,41.588966
-72.608374,41.606408
-72.623214,41.606496
-72.637770,41.608753
-72.651211,41.608765
-72.664745,41.608776
-72.679493,41.608786
-72.693774,41.608794
-72.707494,41.610341
-72.720935,41.610345
-72.634229,41.604628
-72.634152,41.614719
-72.638598,41.624390
-72.641612,41.634439
-72.641506,41.647581
-72.645646,41.654186
-72.647061,41.665181
-72.656688,41.672050
-72.662799,41.682404
-72.666747,41.693148
-72.671119,41.702059
-72.676169,41.709897
-72.677845,41.719123
-72.681040,41.728159
-72.685500,41.737576
-72.649790,41.740114
-72.647124,41.729984
-72.643994,41.719479
-72.640639,41.708987
-72.637873,41.699128
-72.634352,41.688510
-72.631588,41.678651
-72.627809,41.671318
-72.623537,41.658172
-72.620377,41.650124
-72.619137,41.638371
-72.616475,41.630240
-72.614394,41.618549
-72.659498,41.738269
-72.665666,41.746778
-72.674425,41.753788
-72.682596,41.765987
-72.689017,41.776871
-72.694607,41.785691
-72.674558,41.773618
-72.672239,41.786190
-72.668469,41.793816
-72.663776,41.804318
-72.660527,41.815275
-72.652738,41.825899
-72.648790,41.837401
-72.642418,41.847776
-72.637804,41.856401
-72.634524,41.865965
-72.632246,41.876655
-72.628495,41.888830
-72.625547,41.898707
-72.623586,41.909526
-72.640814,41.893538
-72.642314,41.901682
-72.642298,41.911312
-72.640187,41.922065
-72.638078,41.931130
-72.638145,41.940509
-72.634861,41.950573
-72.635425,41.963142
-72.634606,41.952824
-72.633330,41.963203
-72.631554,41.972393
-72.630280,41.981833
-72.626992,41.992084
-72.159682,41.378863
-72.159781,41.367942
-72.159872,41.357841
-72.160057,41.346730
-72.160113,41.337254
-72.158225,41.328059
-72.157313,41.317827
-72.136366,41.315947
-72.135571,41.325799
-72.130006,41.334948
-72.128571,41.344916
-72.125881,41.354624
-72.089208,41.342162
-72.074380,41.342076
-72.064501,41.341512
-72.050107,41.340099
-71.921847,41.340507
-71.906350,41.340394
-71.890738,41.342741
-71.875411,41.342435
-71.858656,41.342369
-71.843243,41.342248
-71.830006,41.342269
-71.816080,41.343609
-72.094041,41.361320
-72.079213,41.360918
-72.065470,41.360900
-72.052312,41.361073
-72.036141,41.360848
-72.022556,41.361772
-72.008814,41.361621
-71.995659,41.361472
-71.980158,41.361369
-71.966164,41.361275
-71.951732,41.362816
-71.938830,41.362537
-71.925173,41.362313
-71.909929,41.361697
-71.894261,41.361518
-71.881281,41.360852
-71.944931,41.383026
-71.942911,41.393010
-71.941025,41.404308
-72.091414,41.347604
-72.091146,41.357578
-72.090790,41.367930
-72.090423,41.379355
-72.092243,41.389972
-72.089786,41.400754
-72.089512,41.411296
-72.089237,41.421775
-72.090559,41.432073
-72.090360,41.443373
-72.090259,41.453410
-72.089998,41.462500
-72.089724,41.473042
-72.068863,41.356943
-72.068591,41.366916
-72.068406,41.376638
-72.068042,41.387369
-72.036028,41.340581
-72.022861,41.341950
-72.009708,41.341992
-71.996306,41.341842
-71.982752,41.340363
-71.966916,41.340571
-71.952418,41.341040
-71.938515,41.340753
-71.867127,41.360239
-71.851877,41.360121
-71.836143,41.358671
-71.824817,41.359411
-71.814520,41.358696
-71.966399,41.378964
-71.955821,41.379430
-71.901217,41.382069
-71.886806,41.381520
-71.871553,41.381278
-71.856978,41.380534
-71.844067,41.380622
-71.830742,41.380390
-71.820116,41.379041
-71.948236,41.361055
-71.946511,41.371783
-72.032613,41.527596
-72.027835,41.537734
-72.019828,41.544890
-72.063218,41.466556
-72.055691,41.474373
-72.048643,41.481715
-72.041576,41.490606
-72.035621,41.499146
-72.075423,41.427589
-72.070854,41.432231
-72.065209,41.438068
-72.057144,41.446158
-72.051028,41.454259
-72.043321,41.461750
-72.034677,41.473637
-72.027495,41.481464
-72.021369,41.489830
-72.580851,41.292012
-72.073324,41.306626
-72.015449,41.499256
-72.655260,41.727718
-72.614331,41.609253
-71.912719,41.382218
-71.926625,41.382448
-71.941322,41.381130
-72.182668,41.388707
-72.106168,41.343488
-72.470596,41.275919
-72.540052,41.568143
-72.576810,41.575696
-72.922675,41.325325
-72.885072,41.321918
-72.881991,41.328481
-73.095540,41.216313
-73.100368,41.206001
-73.079891,41.181081
-73.105700,41.172010
-73.092875,41.176456
-73.119388,41.167202
-73.131603,41.162707
-73.142615,41.158977
