-73.10974,41.240249
-73.111259,41.297422
-73.108912,41.264484
-73.11021599999999,41.326377
-73.14209,41.241232
-73.142989,41.270544
-73.146546,41.301662
-73.145777,41.333521
-73.146788,41.361198
-73.181583,41.2893
-73.180556,41.319016
-73.183311,41.348298
-73.180684,41.389015
-73.186341,41.235398
-73.18687799999999,41.265695
-73.222916,41.41856
-73.220029,41.389448
-73.217474,41.359579
-73.21803900000001,41.329612
-73.219593,41.298048
-73.21871400000001,41.268759
-73.218752,41.242991
-73.259074,41.237447
-73.260885,41.269921
-73.260676,41.300054
-73.26423200000001,41.327484
-73.260784,41.356372
-73.260887,41.38365
-73.26078,41.412691
-73.293926,41.444537
-73.291746,41.430111
-73.295721,41.400158
-73.296662,41.3703
-73.298907,41.34117
-73.29997299999999,41.313677
-73.296779,41.281066
-73.297416,41.253983
-73.29858400000001,41.225755
-73.33554,41.434682
-73.33511799999999,41.403241
-73.334019,41.373794
-73.33335200000001,41.346022
-73.334216,41.318242
-73.330248,41.263026
-73.334797,41.290045
-73.327145,41.226357
-73.37523,41.216986
-73.375666,41.248008
-73.37427099999999,41.27642
-73.37775000000001,41.305854
-73.378733,41.335615
-73.378593,41.364335
-73.375123,41.394225
-73.374526,41.418964
-73.37539099999999,41.451032
-73.41154899999999,41.494159
-73.41229199999999,41.466159
-73.409143,41.439574
-73.450243,41.476916
-73.453008,41.447357
-73.451869,41.417976
-73.49033,41.426301
-73.488857,41.453937
-73.489164,41.48095
-73.485601,41.510799
-73.486558,41.537808
-73.490005,41.569079
-73.491505,41.600606
-73.494255,41.627358
-73.490702,41.644372
-73.53277,41.632848
-73.53259,41.60449
-73.531434,41.576139
-73.532409,41.548996
-73.53454000000001,41.523311
-73.534525,41.495196
-73.533193,41.465623
-73.53338100000001,41.436612
-73.531677,41.408095
-73.637745,41.145194
-73.605874,41.161655
-73.561719,41.177762
-73.559826,41.148157
-73.527288,41.154107
-73.52966600000001,41.183413
-73.532864,41.238586
-73.533587,41.267041
-73.538763,41.295944
-73.53186599999999,41.324738
-73.532791,41.348783
-73.533158,41.379348
-73.49,41.399086
-73.48814900000001,41.368261
-73.487272,41.337969
-73.485568,41.310958
-73.48878499999999,41.280849
-73.486943,41.252785
-73.486741,41.223656
-73.48657300000001,41.197497
-73.483608,41.170782
-73.481703,41.136585
-73.44950400000001,41.125991
-73.45159700000001,41.156084
-73.452359,41.185766
-73.45401200000001,41.215862
-73.45455200000001,41.245378
-73.452631,41.272736
-73.45162999999999,41.303349
-73.44926599999999,41.331043
-73.45147299999999,41.360884
-73.45390500000001,41.390723
-73.410496,41.178963
-73.412076,41.210704
-73.413281,41.241377
-73.410916,41.272493
-73.412702,41.30527
-73.412537,41.333001
-73.412689,41.342472
-73.413326,41.371984
-73.413848,41.401074
-73.403806,41.153629
-73.408332,41.058711
-73.40962399999999,41.087121
-73.410406,41.120269
-73.447374,41.099278
-73.450383,41.067122
-73.49127900000001,41.046988
-73.487939,41.077711
-73.488377,41.106632
-73.52745400000001,41.125773
-73.53032399999999,41.094461
-73.529982,41.065877
-73.530526,41.036526
-73.569817,40.998783
-73.564144,41.027326
-73.56553099999999,41.057932
-73.564887,41.086946
-73.564384,41.118412
-73.60316899999999,41.013958
-73.60500500000001,41.04323
-73.604575,41.070233
-73.605791,41.103318
-73.60551,41.133198
-73.64122,41.116813
-73.640827,41.087954
-73.638909,41.062069
-73.63872499999999,41.032108
-73.641593,41.004662
-73.644066,40.973072
-73.677565,41.00822
-73.680249,41.039234
-73.680194,41.066985
-73.684016,41.103992
-73.677255,41.123529
-73.716819,41.104625
-73.71505000000001,41.076097
-73.712633,41.044062
-73.260015,41.213771
-73.26293,41.18397
-73.26195800000001,41.155659
-73.26275200000001,41.123149
-73.217736,41.213383
-73.220046,41.182902
-73.220432,41.152976
-73.18207099999999,41.170805
-73.18368,41.201874
-73.149517,41.14981
-73.150498,41.179669
-73.10655199999999,41.149852
-73.377381,41.072742
-73.373441,41.099989
-73.373937,41.132878
-73.374713,41.156644
-73.376474,41.187729
-73.32594400000001,41.204252
-73.325119,41.173023
-73.32032100000001,41.147204
-73.314025,41.116693
-73.295495,41.195643
-73.301267,41.164244
-73.295534,41.134698
-73.255732,41.440806
-72.49424999999999,41.805702
-72.534727,41.747416
-72.53656100000001,41.823916
-72.536565,41.838133
-72.537587,41.852961
-72.53651600000001,41.868319
-72.537181,41.883223
-72.537595,41.896983
-72.53575600000001,41.912949
-72.537644,41.928465
-72.53935900000001,41.942183
-72.53732599999999,41.984506
-72.469106,41.752295
-72.468358,41.736971
-72.46842100000001,41.722487
-72.468638,41.707737
-72.467282,41.691916
-72.462315,41.676809
-72.467373,41.659479
-72.466168,41.644535
-72.421655,41.576142
-72.761014,41.564872
-72.762146,41.598384
-72.837113,41.612517
-72.837542,41.582664
-72.798288,41.579989
-72.835981,41.554396
-72.79953999999999,41.609235
-72.722855,41.617347
-72.95413000000001,41.550022
-72.95008300000001,41.583601
-72.946394,41.609793
-72.871056,41.603942
-72.87270100000001,41.635747
-72.875169,41.575478
-72.874455,41.539575
-72.91278300000001,41.562581
-72.908804,41.618006
-72.41632799999999,41.604625
-72.420924,41.637411
-72.568085,41.627121
-72.57088,41.65944
-72.573048,41.6842
-72.575011,41.712363
-72.573218,41.742443
-72.497927,41.697743
-72.49396400000001,41.674245
-72.49289400000001,41.642185
-72.495408,41.611654
-72.416855,41.579708
-72.704486,41.630143
-72.69007000000001,41.658507
-72.690719,41.681041
-72.68842600000001,41.71506
-72.690494,41.744184
-72.645635,41.738586
-72.647273,41.709159
-72.649737,41.680459
-72.650125,41.652948
-72.649069,41.621808
-72.610517,41.645312
-72.610911,41.672587
-72.61321,41.706979
-72.615512,41.741455
-72.470556,41.768935
-72.468839,41.739725
-72.469948,41.70776
-72.46343400000001,41.668002
-72.46236500000001,41.64693
-72.462701,41.614672
-72.466516,41.583658
-72.57545,41.768936
-72.574656,41.795567
-72.57647400000001,41.821894
-72.575371,41.851338
-72.574431,41.878602
-72.571675,41.906453
-72.572693,41.937489
-72.57404,41.964108
-72.57396799999999,41.990608
-72.571438,42.020401
-72.491828,41.980554
-72.494939,41.952237
-72.498378,41.863283
-72.494485,41.806693
-72.6853,41.804221
-72.686573,41.836305
-72.689812,41.861802
-72.647098,41.990465
-72.64668500000001,41.964013
-72.643779,41.929137
-72.64210900000001,41.906085
-72.643517,41.880995
-72.643109,41.852075
-72.645544,41.823752
-72.64718600000001,41.792367
-72.52684100000001,41.827181
-72.52807300000001,41.85153
-72.53717500000001,41.884339
-72.538066,41.913606
-72.539723,41.94394
-72.53908,41.972794
-72.53931900000001,42.000584
-72.538346,42.029027
-72.617031,41.769759
-72.615251,41.794574
-72.615195,41.821391
-72.616396,41.849151
-72.614282,41.88161
-72.61753400000001,41.907842
-72.620001,41.933721
-72.617572,41.965826
-72.61514800000001,41.994874
-72.75653200000001,41.889968
-72.761687,41.856454
-72.76391,41.914758
-72.760227,41.943681
-72.759739,41.971409
-72.757775,42.004462
-72.755438,42.030538
-72.79966500000001,41.99184
-72.798061,41.960938
-72.80012499999999,41.932535
-72.79947,41.903189
-72.838298,42.026767
-72.834994,41.996686
-72.83665600000001,41.964555
-72.837059,41.933696
-72.836354,41.904442
-72.835645,41.872477
-72.83930700000001,41.84532
-72.801846,41.842068
-72.800521,41.872542
-72.731985,42.024936
-72.729647,41.9957
-72.73071299999999,41.962
-72.730135,41.932064
-72.731668,41.900114
-72.730155,41.867551
-72.73157000000001,41.836301
-72.958296,41.973757
-72.95199599999999,42.002185
-72.947127,42.031027
-72.872671,42.038853
-72.869575,42.005493
-72.87293,41.973953
-72.87327000000001,41.941743
-72.872506,41.909234
-72.872951,41.879644
-72.874194,41.84878
-72.98956,42.003854
-72.991153,42.033782
-72.99077200000001,41.976005
-72.907211,42.02399
-72.90764900000001,42.001418
-72.91054,41.973445
-72.908284,41.925238
-72.908525,41.889662
-72.91160499999999,41.873587
-72.913529,41.855673
-72.731917,41.804195
-72.73125899999999,41.774509
-72.731602,41.742577
-72.73377499999999,41.708773
-72.72995400000001,41.683139
-72.729632,41.649523
-72.760552,41.623194
-72.757538,41.652361
-72.75703900000001,41.685841
-72.75930099999999,41.714009
-72.758635,41.765444
-72.762202,41.801751
-72.76037700000001,41.828621
-72.800538,41.636236
-72.800753,41.663694
-72.79633800000001,41.688914
-72.80012600000001,41.72504
-72.795999,41.75445
-72.797467,41.781979
-72.797005,41.811531
-72.83835600000001,41.816539
-72.837996,41.787998
-72.83838299999999,41.757692
-72.839522,41.729951
-72.83905300000001,41.699565
-72.836409,41.642402
-72.87452,41.817029
-72.871595,41.785486
-72.871259,41.752101
-72.868616,41.723211
-72.866927,41.693503
-72.86782700000001,41.664099
-72.91112099999999,41.645083
-72.910864,41.671274
-72.912097,41.703673
-72.9122,41.776914
-72.914466,41.75047
-72.915609,41.725592
-72.952293,41.638961
-72.950969,41.670996
-72.948094,41.702329
-72.950875,41.73038
-72.953395,41.763444
-72.953768,41.793239
-72.98694399999999,41.679715
-72.986904,41.697224
-72.987792,41.710806
-72.98804300000001,41.72219
-72.98925199999999,41.73742
-72.990554,41.749273
-72.990301,41.765762
-72.98841299999999,41.79411
-73.37254299999999,41.716761
-73.37319599999999,41.746237
-73.371719,41.775239
-73.371698,41.801881
-73.374047,41.830811
-73.371522,41.85883
-73.370266,41.8882
-73.37446900000001,41.917959
-73.447636,41.671973
-73.44803899999999,41.641731
-73.451059,41.611472
-73.450492,41.58593
-73.452382,41.559062
-73.449792,41.529421
-73.449168,41.501527
-73.294494,41.8614
-73.299329,41.83278
-73.29679400000001,41.804858
-73.299145,41.777341
-73.299848,41.750714
-73.296733,41.600649
-73.29714900000001,41.571666
-73.296378,41.540379
-73.296892,41.510994
-72.91250100000001,41.963855
-72.910481,41.951534
-72.91045200000001,41.939953
-72.912603,41.9254
-72.912176,41.913819
-73.18042800000001,42.00457
-73.186421,41.976016
-73.18413200000001,41.948155
-73.1833,41.920531
-73.181962,41.88953
-73.18467200000001,41.860444
-73.18676499999999,41.831094
-73.18321899999999,41.802634
-73.18458,41.774832
-73.182847,41.74704
-73.179672,41.601088
-73.18084,41.541345
-73.18329900000001,41.513228
-73.22312100000001,41.590301
-73.223169,41.614675
-73.223181,41.641779
-73.527317,41.704523
-73.534159,41.676167
-73.219757,42.006866
-73.218063,41.97822
-73.21934400000001,41.950074
-73.218913,41.922275
-73.218036,41.895758
-73.218069,41.868809
-73.22427,41.843201
-73.297336,41.894858
-73.294353,41.914357
-73.29853,41.949646
-73.301937,41.976788
-73.295101,42.004398
-73.255934,41.98585
-73.253711,41.959087
-73.253404,41.931144
-73.253365,41.903396
-73.25420699999999,41.875381
-73.25372400000001,41.847437
-73.25693800000001,41.817891
-73.25547899999999,41.789357
-73.25536,41.76293
-73.251704,41.621726
-73.254418,41.595438
-73.25391500000001,41.564784
-73.253179,41.538245
-73.252887,41.511969
-73.485511,41.556902
-73.48665,41.59264
-73.488125,41.6239
-73.40946099999999,41.51082
-73.41089599999999,41.542245
-73.410571,41.571606
-73.409255,41.600302
-73.408649,41.631126
-73.33122400000001,41.624174
-73.331962,41.596789
-73.334119,41.568256
-73.332433,41.539743
-73.33412300000001,41.509064
-73.33618,41.479793
-73.48886899999999,41.655868
-73.492739,41.715823
-73.49643,41.747709
-73.491264,41.777947
-73.49314699999999,41.806184
-73.492228,41.833396
-73.45075199999999,41.847718
-73.45418700000001,41.816254
-73.450501,41.786738
-73.449529,41.757573
-73.45026300000001,41.726862
-73.451097,41.69787
-73.409114,41.662928
-73.407197,41.691864
-73.40845899999999,41.71937
-73.40798100000001,41.74492
-73.407746,41.770162
-73.408591,41.79681
-73.40904500000001,41.825241
-73.334698,41.829449
-73.33334600000001,41.797952
-73.33351500000001,41.771237
-73.33268099999999,41.742377
-73.333793,41.711113
-73.332966,41.68299
-73.333026,41.653204
-73.14142099999999,41.726713
-73.14154600000001,41.612334
-73.14074100000001,41.579252
-73.139617,41.550722
-73.13909099999999,41.520629
-73.106796,41.577218
-73.106264,41.606469
-73.108152,41.634672
-73.104247,41.665298
-73.105704,41.693957
-73.105694,41.723596
-73.065275,41.743668
-73.06391600000001,41.713838
-73.06333600000001,41.683616
-73.06622400000001,41.653644
-73.065129,41.624593
-73.06749000000001,41.593712
-73.030379,41.623594
-73.02903000000001,41.650008
-73.031131,41.677898
-73.033061,41.705595
-73.02614199999999,41.802985
-72.957925,41.837233
-72.96009100000001,41.852203
-72.959256,41.866915
-72.960098,41.881426
-72.960324,41.896664
-72.95839100000001,41.927011
-72.95256500000001,41.95631
-72.957556,41.806701
-72.957177,41.822961
-73.019228,41.809864
-73.024716,41.822627
-73.024607,41.837596
-73.02406499999999,41.852243
-73.022918,41.866698
-73.024012,41.880438
-73.025373,41.895855
-73.02526,41.909985
-73.02799899999999,41.924173
-73.02996,41.938234
-73.06648300000001,42.02963
-73.067312,42.000021
-73.065313,41.971609
-73.066238,41.943585
-73.064504,41.914841
-73.06551500000001,41.886353
-73.063875,41.85827
-73.06400100000001,41.82952
-73.063954,41.801696
-73.065567,41.788407
-73.06329,41.773939
-73.105464,41.752734
-73.10518399999999,41.782212
-73.104545,41.810501
-73.102761,41.839784
-73.103977,41.868133
-73.105279,41.895887
-73.10578,41.922652
-73.10691900000001,41.952521
-73.106358,41.979156
-73.10874200000001,42.009747
-73.105434,42.036523
-73.139768,42.040906
-73.138351,42.011634
-73.138446,41.983414
-73.141205,41.956243
-73.140602,41.929809
-73.139904,41.902252
-73.139285,41.872845
-73.13953600000001,41.841252
-73.14017200000001,41.814814
-73.13902400000001,41.785605
-73.145561,41.757031
-73.489803,41.862323
-73.491713,41.891653
-73.491249,41.919756
-73.491412,41.949162
-73.492717,41.978887
-73.49189699999999,42.006599
-73.49223499999999,42.035938
-73.457674,42.041709
-73.456943,42.015052
-73.45403,41.989061
-73.453757,41.964035
-73.451185,41.9368
-73.453148,41.908166
-73.450565,41.879754
-73.40918600000001,41.85229
-73.40851499999999,41.880786
-73.374717,41.948478
-73.37499099999999,41.976772
-73.37711899999999,42.006493
-73.374939,42.034669
-73.333241,42.037435
-73.33394300000001,42.008483
-73.334531,41.976722
-73.333482,41.947909
-73.333321,41.920464
-73.33557500000001,41.889151
-73.335641,41.857914
-73.254854,42.013458
-73.255444,42.041682
-73.212341,42.034088
-73.180925,42.032993
-73.36979100000001,41.686612
-73.370088,41.655167
-73.36548999999999,41.629576
-73.37172099999999,41.593936
-73.370514,41.565892
-73.368516,41.535227
-73.366365,41.5061
-73.365236,41.476903
-72.98789600000001,41.896897
-72.989155,41.866541
-72.99043,41.839737
-72.989789,41.649893
-72.98976,41.666394
-72.986589,41.634343
-73.028993,41.975386
-73.026737,42.00169
-73.02557,42.0324
-73.179581,41.571813
-73.221439,41.552987
-73.22023,41.52483
-72.417361,41.522875
-72.37671899999999,41.499155
-72.376632,41.514135
-72.37665,41.528734
-72.33680800000001,41.438745
-72.33701000000001,41.454869
-72.33716699999999,41.469964
-72.33712800000001,41.484068
-72.33713899999999,41.498324
-72.339224,41.513311
-72.338222,41.527449
-72.45790700000001,41.51766
-72.457568,41.502869
-72.420323,41.359885
-72.420318,41.374834
-72.419033,41.388574
-72.420193,41.403318
-72.418801,41.41818
-72.420751,41.433051
-72.420568,41.449136
-72.42079,41.495488
-72.420515,41.509667
-72.418663,41.522307
-72.38038,41.357912
-72.37965800000001,41.342434
-72.37810500000001,41.463834
-72.377894,41.447558
-72.37965,41.432812
-72.339107,41.523991
-72.37744100000001,41.354437
-72.375658,41.339032
-72.375486,41.324927
-72.45607,41.54873
-72.4566,41.532417
-72.720246,41.41947
-72.87568400000001,41.476698
-72.88123,41.504278
-72.876023,41.532838
-72.87806000000001,41.56449
-72.904174,41.563525
-72.906448,41.533279
-72.913915,41.499554
-72.919551,41.469247
-72.72433,41.331928
-72.72358800000001,41.359845
-72.72131,41.387321
-72.833187,41.434882
-72.64637399999999,41.394908
-72.647301,41.428936
-72.643326,41.367183
-72.643441,41.343097
-72.759788,41.586222
-72.759181,41.570827
-72.758347,41.55549
-72.762805,41.535835
-72.760535,41.526575
-72.765522,41.515782
-72.763402,41.499308
-72.761888,41.482891
-72.755768,41.469372
-72.75924000000001,41.458408
-72.757955,41.44307
-72.756896,41.428698
-72.75885700000001,41.413076
-72.757874,41.398306
-72.755759,41.365585
-72.795119,41.47209
-72.798992,41.500605
-72.79697400000001,41.530656
-72.79880799999999,41.557695
-72.84155300000001,41.56761
-72.84279600000001,41.537502
-72.84260500000001,41.510122
-72.84227300000001,41.48882
-72.83934600000001,41.448205
-72.83484799999999,41.394801
-72.83500600000001,41.36614
-72.835556,41.338608
-73.182864,41.400222
-73.179577,41.415373
-72.99224100000001,41.54381
-72.950103,41.466032
-72.949232,41.438591
-72.95041999999999,41.406358
-72.995214,41.572322
-72.993517,41.597507
-72.993662,41.624973
-72.949237,41.636842
-72.94742700000001,41.607574
-72.951071,41.580557
-72.952133,41.553275
-72.94946400000001,41.524062
-72.951167,41.495918
-73.146835,41.558118
-73.144689,41.530762
-73.142912,41.503461
-73.143669,41.471195
-73.142129,41.44648
-73.143846,41.415973
-73.02456599999999,41.625841
-73.027502,41.591559
-73.033821,41.561358
-73.029325,41.532152
-73.028205,41.504659
-73.026489,41.471464
-73.02616399999999,41.445583
-73.028097,41.412594
-73.258127,41.498167
-73.301985,41.504798
-73.336303,41.50027
-73.29440700000001,41.471742
-73.116744,41.568747
-73.107973,41.537298
-73.109656,41.505008
-73.106702,41.475369
-73.067578,41.44956
-73.064633,41.417444
-73.06218800000001,41.384466
-73.18459,41.440226
-73.18008399999999,41.472582
-73.184454,41.505603
-73.06891899999999,41.601122
-73.06918,41.566739
-73.068327,41.538869
-73.06567,41.507883
-73.066247,41.479363
-72.95282899999999,41.294362
-72.954739,41.379968
-72.995368,41.22282
-73.014883,41.237359
-72.98441099999999,41.287575
-72.989925,41.312639
-72.992531,41.341529
-72.99377200000001,41.367947
-73.11001899999999,41.355348
-73.10536399999999,41.209109
-72.95421500000001,41.351623
-72.956408,41.322455
-72.951589,41.264457
-73.10560099999999,41.181108
-73.109573,41.38498
-73.10651799999999,41.414207
-73.107882,41.441161
-73.035962,41.380183
-73.03727499999999,41.353867
-73.035556,41.320133
-73.036571,41.291342
-73.03386,41.258472
-73.03537799999999,41.230595
-73.03603,41.200567
-73.068232,41.273448
-73.068658,41.258542
-73.072597,41.233186
-73.068664,41.20145
-72.987785,41.392669
-72.993335,41.424565
-72.989666,41.457235
-72.98919600000001,41.485
-72.991955,41.515019
-73.065125,41.35374
-73.067752,41.321232
-73.066191,41.308537
-73.066749,41.291209
-72.904541,41.242576
-72.91480799999999,41.271404
-72.91409400000001,41.327904
-72.915447,41.35443
-72.913951,41.384457
-72.91559700000001,41.413404
-72.917242,41.441812
-72.72507899999999,41.305419
-72.726804,41.271897
-72.721181,41.244022
-72.688665,41.252189
-72.685709,41.28458
-72.69018,41.309873
-72.68843699999999,41.341834
-72.684555,41.368682
-72.683024,41.398814
-72.68478399999999,41.424805
-72.58817000000001,41.265059
-72.614302,41.284572
-72.611591,41.318199
-72.617063,41.329882
-72.615397,41.34161
-72.616412,41.360295
-72.611932,41.370915
-72.571755,41.286752
-72.572909,41.260796
-72.761342,41.275956
-72.75586199999999,41.24677
-72.802481,41.273404
-72.80035599999999,41.328592
-72.80095,41.35795
-72.798627,41.384166
-72.79755299999999,41.412009
-72.79695100000001,41.440507
-72.834656,41.312477
-72.83235999999999,41.28011
-72.836213,41.254657
-72.87841,41.256494
-72.879319,41.283585
-72.875253,41.312205
-72.87598,41.366211
-72.875338,41.396704
-72.87843100000001,41.424789
-72.876851,41.453875
-72.648282,41.281443
-72.648076,41.313753
-72.910399,41.299433
-72.754271,41.336728
-72.753027,41.309162
-72.87284099999999,41.342533
-73.21535,41.508889
-73.217758,41.480101
-73.22583899999999,41.443316
-73.257637,41.46673
-72.22557500000001,41.539822
-72.226043,41.525808
-72.228212,41.512843
-72.227953,41.498677
-72.227448,41.48634
-72.22700500000001,41.471262
-72.229567,41.45515
-72.229225,41.44093
-72.227722,41.42621
-72.229105,41.411579
-72.22805,41.397928
-72.22999,41.383223
-72.228285,41.368692
-72.227541,41.354203
-72.226276,41.341619
-72.225647,41.325492
-72.224938,41.313138
-72.22394199999999,41.298724
-72.22283899999999,41.285149
-72.222454,41.270205
-72.417444,41.536686
-72.41939600000001,41.624553
-72.421092,41.610262
-72.42036400000001,41.593641
-72.42003099999999,41.579156
-72.41887300000001,41.56456
-72.418285,41.550493
-72.376722,41.54259
-72.377456,41.558496
-72.37843700000001,41.573327
-72.378,41.587581
-72.37852599999999,41.602105
-72.38103099999999,41.617093
-72.381508,41.631388
-72.338983,41.423257
-72.338486,41.408634
-72.338525,41.394416
-72.33862600000001,41.378445
-72.34008799999999,41.363165
-72.33922,41.348486
-72.34022400000001,41.333586
-72.339916,41.318261
-72.338948,41.30343
-72.339451,41.287803
-72.33954300000001,41.273166
-72.338776,41.258602
-72.29887600000001,41.263581
-72.299207,41.276301
-72.301418,41.290503
-72.30118899999999,41.305135
-72.301056,41.318148
-72.30277700000001,41.332602
-72.299959,41.3465
-72.30094,41.361186
-72.30016999999999,41.375592
-72.300275,41.390196
-72.30058699999999,41.404801
-72.30085099999999,41.418861
-72.301316,41.433777
-72.301676,41.448926
-72.26333800000001,41.530827
-72.264976,41.515198
-72.264839,41.502401
-72.265969,41.486892
-72.266374,41.473324
-72.266578,41.459526
-72.26581899999999,41.445743
-72.26618600000001,41.430459
-72.267814,41.415753
-72.268417,41.402719
-72.267965,41.388613
-72.26812099999999,41.374434
-72.26806500000001,41.361397
-72.267426,41.345308
-72.26641100000001,41.332077
-72.26627499999999,41.316372
-72.26709700000001,41.300937
-72.264831,41.286214
-72.26388,41.271458
-72.18267899999999,41.318695
-72.186492,41.334813
-72.186773,41.350233
-72.182305,41.303599
-72.183632,41.273072
-72.181988,41.287739
-72.188146,41.364
-72.187032,41.379108
-72.190268,41.393463
-72.187378,41.409743
-72.187173,41.427569
-72.187759,41.442256
-72.18667600000001,41.455516
-72.188579,41.471244
-72.18859500000001,41.487078
-72.192095,41.501127
-72.226973,41.567863
-72.22705999999999,41.582234
-72.226074,41.553413
-72.30332199999999,41.634869
-72.30237,41.621811
-72.30506699999999,41.606308
-72.303093,41.590634
-72.305379,41.575625
-72.30349800000001,41.5614
-72.300798,41.548201
-72.30043600000001,41.534439
-72.301093,41.520186
-72.299977,41.505544
-72.29932100000001,41.490523
-72.298417,41.474663
-72.297612,41.45926
-72.297151,41.445459
-72.30141399999999,41.648666
-72.301984,41.662364
-72.302851,41.67756
-72.303524,41.691412
-71.950661,41.301096
-71.94891,41.316065
-71.949844,41.330595
-71.95027,41.345312
-71.954505,41.391999
-71.955344,41.406224
-71.956608,41.452051
-71.956215,41.467601
-71.956569,41.482005
-71.95378,41.496745
-71.954346,41.512683
-71.954837,41.526371
-71.953875,41.542831
-71.953735,41.558383
-71.95228,41.573467
-71.953755,41.58983
-71.991871,41.538192
-71.992369,41.521613
-71.99269700000001,41.506482
-71.992204,41.492299
-71.991772,41.477125
-71.990925,41.462901
-71.991339,41.449143
-71.99222,41.434435
-72.339719,41.671042
-72.341844,41.656451
-72.342085,41.642387
-72.34182300000001,41.627482
-72.34150200000001,41.613988
-72.340841,41.598053
-72.341343,41.582846
-72.34204200000001,41.56844
-72.341121,41.553495
-72.338928,41.539346
-72.14628,41.416785
-72.144291,41.433013
-72.145099,41.444224
-72.146466,41.460622
-72.146124,41.4756
-72.146666,41.488258
-72.146829,41.503468
-72.146793,41.518182
-72.147013,41.532782
-72.147161,41.549669
-72.14694900000001,41.561561
-72.147209,41.577266
-72.147836,41.591754
-72.14735,41.605779
-72.148026,41.620457
-72.147634,41.635397
-72.149536,41.649472
-72.14994400000001,41.665712
-72.15026899999999,41.680008
-72.149337,41.69281
-72.18536,41.711851
-72.18644500000001,41.698287
-72.186059,41.684258
-72.18597699999999,41.670307
-72.186205,41.655786
-72.186837,41.641534
-72.185653,41.625709
-72.186082,41.611494
-72.185512,41.595329
-72.18522900000001,41.581072
-72.187896,41.566295
-72.18725600000001,41.552303
-72.186866,41.53877
-72.185928,41.52409
-72.185731,41.511739
-72.185208,41.496108
-72.22731,41.575401
-72.229023,41.589588
-72.229668,41.604075
-72.22792699999999,41.618552
-72.228678,41.632506
-72.225058,41.646707
-72.265092,41.549456
-72.263065,41.667552
-72.265069,41.654487
-72.267214,41.63944
-72.26609999999999,41.625294
-72.266114,41.60978
-72.26293200000001,41.593948
-72.26552,41.580504
-72.264983,41.564111
-72.262466,41.534331
-72.26160400000001,41.520796
-72.37746199999999,41.373805
-72.37981000000001,41.387954
-72.379064,41.403466
-72.379946,41.417572
-71.917725,41.57891
-71.917529,41.562518
-71.916596,41.548255
-71.91667700000001,41.534037
-71.915606,41.518706
-71.915345,41.503494
-71.91549000000001,41.488248
-71.915779,41.473612
-71.91553999999999,41.456762
-71.915019,41.442044
-71.91518600000001,41.428456
-71.91548899999999,41.413306
-71.91592300000001,41.399243
-71.915004,41.352463
-71.915487,41.338515
-71.914777,41.322843
-71.91381800000001,41.306978
-71.996701,41.296201
-71.993785,41.3078
-71.993154,41.32293
-71.994012,41.366658
-71.995051,41.381722
-71.99529800000001,41.39537
-71.99604100000001,41.409899
-71.995925,41.424231
-71.996083,41.436887
-72.069838,41.610975
-72.070651,41.596381
-72.0702,41.581246
-72.033815,41.59368
-72.033778,41.5787
-72.03429800000001,41.563723
-72.03625,41.547763
-72.037738,41.532411
-72.037397,41.517276
-72.038696,41.500512
-72.038856,41.485875
-72.03821499999999,41.470395
-72.03711800000001,41.454912
-72.03789,41.439937
-72.037758,41.424193
-72.037125,41.408065
-71.918925,41.593194
-72.45718599999999,41.63005
-72.45507499999999,41.613807
-72.45437200000001,41.60096
-72.456277,41.583965
-72.45766999999999,41.567769
-72.031085,41.293167
-72.031407,41.305215
-72.033254,41.316548
-72.03601399999999,41.359907
-72.037723,41.37486
-72.03876200000001,41.390914
-72.040758,41.405145
-72.040898,41.420165
-72.145742,41.282088
-72.144262,41.29992
-72.145343,41.314259
-72.146839,41.327418
-72.145684,41.342888
-72.146862,41.357646
-72.147584,41.372554
-72.147798,41.387765
-72.150046,41.401918
-72.149948,41.41808
-72.109015,41.28612
-72.109013,41.301711
-72.109529,41.316046
-72.109492,41.330188
-72.110264,41.34422
-72.110619,41.359546
-72.11101600000001,41.401593
-72.111339,41.415089
-72.111721,41.427747
-72.111232,41.441467
-72.112008,41.455308
-72.11238,41.469071
-72.11245,41.482641
-72.11226499999999,41.496286
-72.11060999999999,41.509923
-72.11062699999999,41.523608
-72.11014400000001,41.536565
-72.11041899999999,41.54987
-72.10998100000001,41.563476
-72.11060000000001,41.577887
-72.11076300000001,41.592221
-71.80055299999999,41.592732
-71.80130200000001,41.57627
-71.801885,41.560647
-71.802712,41.545749
-71.802598,41.529204
-71.80238900000001,41.512239
-71.802311,41.496762
-71.80350300000001,41.481067
-71.802239,41.463483
-71.803186,41.447138
-71.805487,41.431718
-71.804526,41.414214
-71.803157,41.396972
-71.802939,41.380655
-71.839117,41.29504
-71.838674,41.310292
-71.83929000000001,41.326718
-71.838645,41.342601
-71.83833199999999,41.359922
-71.838808,41.376293
-71.839513,41.391443
-71.839782,41.406579
-71.839997,41.423206
-71.84017,41.438602
-71.84120900000001,41.454888
-71.840429,41.470815
-71.84045999999999,41.486978
-71.839524,41.503055
-71.84062299999999,41.518466
-71.84128,41.533185
-71.841359,41.549615
-71.84047,41.565618
-71.842073,41.58164
-71.84204,41.598526
-71.870257,41.300956
-71.870837,41.31525
-71.873504,41.331082
-71.875322,41.346131
-71.87509799999999,41.362783
-71.8753,41.379796
-71.875638,41.396291
-71.877708,41.411957
-71.876983,41.427536
-71.877561,41.442219
-71.875568,41.459084
-71.878424,41.474205
-71.87921400000001,41.489148
-71.878922,41.504504
-71.874825,41.520706
-71.875567,41.536005
-71.874383,41.553492
-71.990894,41.527235
-71.99102600000001,41.541988
-71.990646,41.557157
-71.991865,41.620191
-71.99506700000001,41.634249
-71.994208,41.650128
-71.99550000000001,41.665765
-72.104534,41.655706
-71.87848200000001,41.593849
-71.879041,41.57872
-71.878959,41.5621
-71.878075,41.544787
-72.06832300000001,41.595359
-72.06742199999999,41.579611
-72.06596399999999,41.563821
-72.066534,41.548234
-72.06834000000001,41.533265
-72.067953,41.517062
-72.067668,41.50067
-72.06965200000001,41.485549
-72.07002,41.46977
-72.070447,41.453153
-72.071992,41.436161
-72.071343,41.420681
-72.073303,41.339264
-72.073885,41.322349
-72.0736,41.305994
-72.073264,41.289639
-71.953564,41.605381
-71.953433,41.620132
-72.226366,41.660855
-72.226714,41.674387
-72.22557500000001,41.689515
-72.22591300000001,41.704305
-72.262264,41.713136
-72.262833,41.698388
-72.264016,41.68307
-71.919904,41.62381
-71.91888299999999,41.608364
-71.84091700000001,41.613422
-71.84047200000001,41.630648
-71.878612,41.625755
-71.87857,41.610012
-72.068073,41.654833
-72.06838999999999,41.639207
-72.06816600000001,41.626627
-72.496163,42.019392
-72.496366,42.006775
-72.495301,41.992675
-72.49403700000001,41.977433
-72.494246,41.963145
-72.493843,41.949349
-72.494507,41.935784
-72.494518,41.920241
-72.49416600000001,41.906293
-72.49305800000001,41.890672
-72.492808,41.876952
-72.494034,41.862742
-72.493833,41.849288
-72.424044,41.747206
-72.42527,41.761604
-72.42475399999999,41.775953
-72.42627,41.790166
-72.42581800000001,41.804206
-72.425624,41.817677
-72.425397,41.831171
-72.426374,41.845477
-72.42646600000001,41.858735
-72.426813,41.872064
-72.426447,41.887982
-72.426119,41.902663
-72.423637,41.915438
-72.422805,41.929121
-72.422287,41.943398
-72.424369,41.984862
-72.425635,41.998954
-72.42519,42.011354
-72.424545,42.025583
-72.225043,42.016344
-72.224921,42.003077
-72.224417,41.986355
-72.225937,41.972604
-72.224852,41.9565
-72.22585599999999,41.943224
-72.222086,41.926917
-72.22323299999999,41.911875
-72.223032,41.897256
-72.22418,41.881878
-72.229592,41.793494
-72.229783,41.778423
-72.229974,41.763353
-72.22933500000001,41.747863
-72.22765200000001,41.732785
-72.226652,41.719164
-72.227339,41.702797
-72.18849,41.709894
-72.186887,41.725853
-72.18755299999999,41.741878
-72.186168,41.757947
-72.18595999999999,41.773419
-72.186255,41.78999
-72.18913000000001,41.805148
-72.18665,41.820444
-72.152491,41.725065
-72.152174,41.739818
-72.14867,41.75537
-72.147612,41.771479
-72.14837300000001,41.787325
-72.147614,41.80058
-72.14885200000001,41.81398
-72.147391,41.935038
-72.14752799999999,41.948774
-72.147734,41.962262
-72.14991000000001,41.978339
-72.15031500000001,41.991977
-72.150575,42.006853
-72.148826,42.023306
-72.300128,41.639228
-72.300241,41.653083
-72.298869,41.670016
-72.297969,41.68899
-72.29796500000001,41.69955
-72.299695,41.711581
-72.300551,41.729046
-72.26770000000001,41.648533
-72.26809299999999,41.663014
-72.27322,41.686819
-72.262911,41.693406
-72.26022399999999,41.708715
-72.26260600000001,41.725297
-72.262642,41.737582
-72.26279599999999,41.751361
-72.263614,41.770876
-72.264926,41.784755
-72.266223,41.800659
-72.261342,41.891544
-72.262207,41.906052
-72.263896,41.920675
-72.263254,41.936241
-72.26494200000001,41.951032
-72.265128,41.966321
-72.26591999999999,41.98066
-72.25801,41.994459
-72.256468,42.009516
-72.256655,42.0243
-72.12095600000001,41.937371
-72.10423900000001,41.953422
-72.104585,41.968276
-72.105929,41.982212
-72.10789699999999,41.995691
-72.10911,42.010457
-72.106105,42.026491
-72.33573800000001,42.028285
-72.335324,42.015311
-72.34078,42.001541
-72.339887,41.985599
-72.339697,41.968621
-72.33930599999999,41.952088
-72.344379,41.935055
-72.344188,41.918077
-72.34318500000001,41.903987
-72.341909,41.885968
-72.34617,41.870933
-72.345088,41.83779
-72.346574,41.822152
-72.345488,41.805689
-72.345691,41.789083
-72.34469799999999,41.773584
-72.34332000000001,41.756527
-72.341928,41.74162
-72.34183,41.725828
-72.340543,41.71018
-72.339752,41.694534
-72.34063999999999,41.679264
-72.33932400000001,41.66158
-72.338976,41.645376
-72.338781,41.62936
-72.339769,41.61372
-72.33928400000001,41.59674
-72.340671,41.580508
-72.378165,41.574998
-72.37870599999999,41.59239
-72.37989399999999,41.608744
-72.379704,41.623249
-72.380589,41.636636
-72.37792399999999,41.654339
-72.380188,41.669493
-72.374319,41.686304
-72.376274,41.699614
-72.378849,41.716612
-72.38067700000001,41.733768
-72.37992,41.753881
-72.376738,41.767415
-72.38168400000001,41.782417
-72.382446,41.799008
-72.382896,41.814156
-72.384411,41.830429
-72.38656899999999,41.846704
-72.38294000000001,41.862881
-72.38359800000001,41.879231
-72.38265300000001,41.894534
-72.378916,41.91031
-72.37935400000001,41.92746
-72.453464,42.026228
-72.455944,42.005917
-72.45953900000001,41.993403
-72.461343,41.976589
-72.465116,41.960393
-72.46551100000001,41.945416
-72.466982,41.928784
-72.46829,41.880302
-72.46708700000001,41.864561
-72.469244,41.847992
-72.468552,41.831947
-72.468619,41.816361
-72.467567,41.801228
-72.466634,41.784306
-72.465749,41.767913
-72.422499,41.957205
-72.422702,41.971045
-72.18924800000001,41.933207
-72.19095900000001,41.94764
-72.190569,41.962324
-72.19105500000001,41.976881
-72.189795,41.990973
-72.190808,42.005337
-72.189279,42.020211
-72.30014900000001,42.025679
-72.30042,42.009249
-72.300431,41.996502
-72.299667,41.982407
-72.29985600000001,41.966502
-72.299728,41.951182
-72.30116,41.936744
-72.30047500000001,41.922766
-72.300899,41.906745
-72.30398700000001,41.890384
-72.304788,41.876353
-72.304171,41.829687
-72.303569,41.815065
-72.301394,41.801724
-72.301514,41.784474
-72.30193300000001,41.769155
-72.303834,41.754016
-72.303313,41.738986
-72.383616,41.93901
-72.38328799999999,41.957845
-72.382789,41.968126
-72.382695,41.984577
-72.383931,41.999963
-72.385175,42.013868
-72.38696899999999,42.028351
-72.423832,41.664234
-72.42324499999999,41.677618
-72.494356,41.791752
-72.49497,41.777994
-72.422011,41.590895
-72.42137700000001,41.605873
-72.42186,41.620778
-72.422856,41.634883
-72.42430899999999,41.648991
-72.49395,42.034032
-72.494556,42.007109
-72.494505,41.97795
-72.49478000000001,41.95053
-72.49540399999999,41.918767
-72.493015,41.892829
-72.49811099999999,41.863681
-72.49459899999999,41.82831
-72.462326,41.993228
-72.46601200000001,41.961688
-72.46929299999999,41.928416
-72.469977,41.89646
-72.468214,41.801091
-72.466596,41.766788
-72.468171,41.873251
-72.466292,41.836098
-72.421376,41.692974
-72.42156799999999,41.721222
-72.42226599999999,41.748969
-72.42514300000001,41.776848
-72.426681,41.804723
-72.42839600000001,41.831092
-72.427246,41.859712
-72.428456,41.88633
-72.422752,41.91795
-72.422625,41.942932
-72.421632,41.972932
-72.427218,41.999687
-72.427927,42.026177
-72.379071,41.594381
-72.37942200000001,41.62296
-72.377557,41.656455
-72.378787,41.689091
-72.376497,41.751064
-72.380827,41.783034
-72.38090200000001,41.815182
-72.38355799999999,41.847435
-72.386353,41.878433
-72.387545,41.910422
-72.386009,41.940337
-72.38403,41.970065
-72.383239,41.995451
-72.385649,42.027026
-72.338363,42.031405
-72.338559,42.000707
-72.342001,41.96809
-72.344533,41.935662
-72.34135600000001,41.873217
-72.344689,41.841258
-72.344919,41.804695
-72.343779,41.773888
-72.34087100000001,41.7423
-72.33994300000001,41.678585
-72.34177099999999,41.646569
-72.33931,41.615314
-72.302712,42.027262
-72.303907,41.995521
-72.305396,41.968021
-72.30462799999999,41.938089
-72.305322,41.908162
-72.307963,41.877758
-72.305905,41.846972
-72.307255,41.815471
-72.306983,41.784207
-72.30766800000001,41.755127
-72.306907,41.726415
-72.30014300000001,41.701516
-72.29961400000001,41.671236
-72.26432800000001,41.636205
-72.26457499999999,41.664428
-72.265744,41.692311
-72.267957,41.723984
-72.266178,41.757131
-72.26786800000001,41.818169
-72.268115,41.846736
-72.266993,41.87369
-72.267366,41.906042
-72.26288700000001,41.93549
-72.26322,41.963969
-72.25948099999999,41.994312
-72.259697,42.023608
-72.21826400000001,42.01737
-72.224544,41.987367
-72.223794,41.958313
-72.22470199999999,41.927631
-72.224712,41.89948
-72.22803399999999,41.86799
-72.224834,41.84408
-72.224352,41.809134
-72.22549600000001,41.789458
-72.22756699999999,41.749695
-72.22521999999999,41.715722
-72.192674,41.963787
-72.19040800000001,41.990263
-72.192415,42.018601
-72.189725,41.72812
-72.190658,41.759374
-72.191681,41.789727
-72.18923100000001,41.822226
-72.152106,41.961037
-72.154254,41.992921
-72.15171700000001,42.021071
-72.10714,41.968277
-72.10887,41.997582
-72.10613600000001,42.026673
-72.34442799999999,41.905069
-71.951628,41.636926
-71.953118,41.650988
-71.95379,41.667539
-71.954928,41.681861
-71.95692800000001,41.697305
-71.954656,41.711078
-71.955078,41.726708
-71.95367,41.741406
-72.070024,41.85345
-72.06945399999999,41.83718
-72.069202,41.825903
-72.068251,41.810647
-72.06840800000001,41.795767
-72.067572,41.781343
-72.06660700000001,41.767473
-72.06786700000001,41.753339
-72.069486,41.740224
-72.06890199999999,41.725432
-72.068922,41.711752
-72.068214,41.697052
-72.068617,41.682173
-72.067539,41.66747
-72.02725100000001,42.045198
-72.02604599999999,42.038106
-72.027849,42.022353
-72.028616,42.007359
-72.027959,41.989676
-72.02871399999999,41.975703
-72.028812,41.9593
-72.02889,41.944685
-72.02854600000001,41.929556
-72.02786999999999,41.913596
-72.028463,41.898792
-72.028038,41.88328
-72.027514,41.869107
-72.02683500000001,41.853465
-72.027254,41.838851
-72.02725599999999,41.823469
-72.027334,41.808853
-72.02715499999999,41.794363
-72.027331,41.778535
-72.026915,41.762384
-72.02670500000001,41.750638
-72.027591,41.732389
-72.027073,41.717769
-72.027584,41.702517
-72.029213,41.686187
-72.028364,41.670671
-72.030236,41.655491
-72.145281,41.988109
-72.14826100000001,41.971565
-72.14907700000001,41.956113
-72.150025,41.940964
-72.150447,41.924506
-72.151945,41.907853
-72.151798,41.894705
-72.152079,41.878849
-72.148757,41.802955
-72.148083,41.7889
-72.147847,41.771033
-72.148111,41.757083
-72.146097,41.743021
-72.145982,41.726661
-72.14585200000001,41.711906
-72.14960000000001,41.697773
-72.14894,41.682313
-72.14921,41.66756
-72.149355,41.651903
-72.150155,41.637855
-72.18725000000001,41.645836
-72.187057,41.659834
-72.18842600000001,41.673893
-72.188518,41.687839
-72.189184,41.733991
-72.186577,41.747764
-72.185945,41.763144
-72.18659599999999,41.778157
-72.186251,41.793271
-72.186398,41.809133
-72.187062,41.851709
-72.187872,41.867822
-72.188078,41.880615
-72.189674,41.897561
-72.19018199999999,41.912133
-72.18782899999999,41.927401
-72.18943899999999,41.942925
-72.189005,41.956307
-72.188231,41.972293
-72.188738,41.986983
-72.22255800000001,41.986431
-72.221554,41.973398
-72.22501200000001,41.958016
-72.22562000000001,41.941792
-72.225246,41.929235
-72.224903,41.912888
-72.226608,41.898208
-71.920546,42.049252
-71.920174,42.03412
-71.919881,42.021694
-71.918739,42.004781
-71.91879,41.992019
-71.918277,41.97606
-71.920211,41.961044
-71.920281,41.945922
-71.920339,41.93182
-71.920275,41.917439
-71.92070099999999,41.903618
-71.91865799999999,41.888666
-71.919353,41.873269
-71.921025,41.859086
-71.920467,41.844515
-71.919917,41.829388
-71.919608,41.814819
-71.92018,41.799236
-71.919873,41.784481
-71.918284,41.769946
-71.918556,41.755769
-71.920225,41.743465
-71.921252,41.697937
-71.919933,41.683016
-71.921054,41.667358
-71.919645,41.652456
-71.91838900000001,41.638548
-71.99745900000001,41.816735
-71.997687,41.8298
-71.999912,41.845244
-71.9947,41.857895
-71.996683,41.872486
-71.999388,41.890394
-71.996713,41.902493
-71.99783600000001,41.914806
-71.997168,41.928622
-71.99674899999999,41.942819
-71.99685100000001,41.955788
-71.996037,41.971212
-71.99523499999999,41.9855
-71.995718,41.998471
-71.99822,42.012402
-71.99686300000001,42.02389
-71.996194,42.04194
-71.99588300000001,42.055538
-71.95344900000001,42.056759
-71.955313,42.041952
